2.58E-5	67	71	4757	1.0597	32.24558	0	-1.57605	-0.39233
2.64E-5	65	75	4875	1.15385	34.06224	0	-1.78223	-0.59955
2.7E-5	64	77	4928	1.20313	34.97056	0	-1.32294	-0.13123
2.76E-5	62	79	4898	1.27419	35.87889	0	-1.20551	-0.25311
2.82E-5	61	80	4880	1.31147	36.33305	0	-1.14008	-0.65137
2.88E-5	60	81	4860	1.35	36.78722	0	-1.15918	-0.4032
2.94E-5	60	82	4920	1.36667	37.24138	0	-1.27618	-0.30731
3E-5	59	83	4897	1.40678	37.24138	0	-0.85138	-0.44434
3.06E-5	60	83	4980	1.38333	37.69554	0	-0.5058	-0.17377
3.12E-5	61	83	5063	1.36066	37.69554	0	-0.05811	-0.80194
3.18E-5	62	82	5084	1.32258	37.24138	0	0.44531	-0.42395
3.24E-5	62	80	4960	1.29032	36.33305	0	0.11267	-0.62793
3.3E-5	63	78	4914	1.23809	35.42473	0	0.65063	-0.21899
3.36E-5	64	76	4864	1.1875	34.5164	0	0.56317	-0.69196
3.42E-5	65	73	4745	1.12308	33.15391	0	0.01678	-0.659
3.48E-5	67	70	4690	1.04478	31.79142	0	-0.78455	-0.52332
3.54E-5	68	67	4556	0.98529	30.42893	0	-0.34924	-0.11328
3.6E-5	69	65	4485	0.94203	29.52061	0	-0.53717	-0.64819
3.66E-5	70	62	4340	0.88571	28.15812	0	-0.72485	-0.50146
3.72E-5	71	60	4260	0.84507	27.24979	0	-1.04968	-0.31018
3.78E-5	72	58	4176	0.80556	26.34146	0	-1.52039	-0.49774
3.84E-5	73	57	4161	0.78082	25.8873	0	-1.60419	-0.0542
3.9E-5	74	56	4144	0.75676	25.43314	0	-0.99847	-0.27411
3.96E-5	73	56	4088	0.76712	25.43314	0	-0.79962	-0.43323
4.02E-5	73	56	4088	0.76712	25.43314	0	-0.40149	-0.36401
4.08E-5	73	58	4234	0.79452	26.34146	0	0.0119	-0.53503
4.14E-5	72	59	4248	0.81944	26.79563	0	-0.09534	-0.39178
4.2E-5	71	61	4331	0.85915	27.70395	0	0.21051	0.02374
4.26E-5	70	63	4410	0.9	28.61228	0	-0.12103	-0.53625
4.32E-5	68	64	4352	0.94118	29.06644	0	-0.09174	-0.48895
4.38E-5	68	67	4556	0.98529	30.42893	0	-0.37451	-0.67786
4.44E-5	67	69	4623	1.02985	31.33726	0	-0.65161	-0.45557
4.5E-5	65	71	4615	1.09231	32.24558	0	-0.69342	-0.46429
4.56E-5	65	73	4745	1.12308	33.15391	0	-0.49115	-0.6131
4.62E-5	64	75	4800	1.17188	34.06224	0	-0.42834	-0.3493
4.68E-5	64	76	4864	1.1875	34.5164	0	-1.04981	-0.2179
4.74E-5	63	77	4851	1.22222	34.97056	0	-0.58386	-0.41876
4.8E-5	63	77	4851	1.22222	34.97056	0	-0.79919	-0.3504
4.86E-5	63	77	4851	1.22222	34.97056	0	-0.89551	-0.40521
4.92E-5	63	77	4851	1.22222	34.97056	0	-0.5838	-0.4693
4.98E-5	63	77	4851	1.22222	34.97056	0	-0.25281	-0.62909
5.04E-5	64	76	4864	1.1875	34.5164	0	-0.29004	-0.70465
5.1E-5	64	76	4864	1.1875	34.5164	0	-0.86938	-0.17902
5.16E-5	65	73	4745	1.12308	33.15391	0	-0.14569	-0.2196
5.22E-5	65	73	4745	1.12308	31.79142	0	-0.1983	-0.26489
5.28E-5	67	70	4690	1.04478	31.79142	0	-0.6723	-0.53424
5.34E-5	68	68	4624	1	30.8831	0	-0.17578	-0.72607
5.4E-5	68	66	4488	0.97059	29.97477	0	-0.27112	-0.54395
5.46E-5	69	65	4485	0.94203	29.52061	0	-0.32782	-0.35724
5.52E-5	70	64	4480	0.91429	29.06644	0	-0.4704	-0.65033
5.58E-5	71	61	4331	0.85915	27.70395	0	-0.48242	-0.69745
5.64E-5	71	61	4331	0.85915	27.70395	0	-0.85608	-0.55786
5.7E-5	71	60	4260	0.84507	27.24979	0	-1.23554	-0.28387
5.76E-5	72	60	4320	0.83333	27.24979	0	-0.74329	-0.26386
5.82E-5	71	60	4260	0.84507	27.24979	0	-0.45129	-0.20715
5.88E-5	71	60	4260	0.84507	27.24979	0	-0.39191	-0.21942
5.94E-5	71	61	4331	0.85915	27.70395	0	-0.66327	-0.05725
6E-5	70	61	4270	0.87143	27.70395	0	-0.45599	-0.45129
6.06E-5	69	63	4347	0.91304	28.61228	0	-0.13586	-0.40582
6.12E-5	69	65	4485	0.94203	29.52061	0	-0.62555	-0.78497
6.18E-5	69	67	4623	0.97101	30.42893	0	-0.24792	-0.59747
6.24E-5	68	68	4624	1	30.8831	0	-0.16925	-0.43848
6.3E-5	66	69	4554	1.04546	31.33726	0	-0.17969	-0.47717
6.36E-5	66	70	4620	1.06061	31.79142	0	-0.34937	-0.69818
6.42E-5	66	72	4752	1.09091	32.69975	0	-0.40088	-0.84491
6.48E-5	65	72	4680	1.10769	32.69975	0	-0.53778	-0.2605
6.54E-5	65	73	4745	1.12308	33.15391	0	-0.32141	-0.71143
6.6E-5	65	73	4745	1.12308	33.15391	0	-0.53864	-0.73358
6.66E-5	64	74	4736	1.15625	33.60807	0	-0.79797	-0.34845
6.72E-5	65	74	4810	1.13846	33.60807	0	-0.40216	-0.77136
6.78E-5	65	74	4810	1.13846	33.60807	0	-0.40503	-0.18823
6.84E-5	65	73	4745	1.12308	33.15391	0	-0.97833	-0.6748
6.9E-5	65	73	4745	1.12308	33.15391	0	-0.66107	-0.65814
6.96E-5	65	72	4680	1.10769	32.69975	0	-0.69751	-0.3949
7.02E-5	67	71	4757	1.0597	32.24558	0	-0.50385	-0.46887
7.08E-5	67	70	4690	1.04478	31.79142	0	-0.60767	-0.90778
7.14E-5	67	68	4556	1.01493	30.8831	0	-0.46838	-0.39508
7.2E-5	68	68	4624	1	30.8831	0	-0.56079	-0.93628
7.26E-5	68	66	4488	0.97059	29.97477	0	-0.37988	-0.35022
7.32E-5	69	65	4485	0.94203	29.52061	0	-0.15894	-0.7757
7.38E-5	69	64	4416	0.92754	29.06644	0	-0.38959	-0.20758
7.44E-5	70	63	4410	0.9	28.61228	0	-0.42786	-0.62048
7.5E-5	70	63	4410	0.9	28.61228	0	-0.70728	-0.42468
7.56E-5	70	62	4340	0.88571	28.15812	0	-0.56482	-0.41479
7.62E-5	70	62	4340	0.88571	28.15812	0	-0.72382	-0.38086
7.68E-5	70	62	4340	0.88571	28.15812	0	-0.54272	-0.38312
7.74E-5	70	62	4340	0.88571	28.15812	0	-0.47815	-0.03027
7.8E-5	70	64	4480	0.91429	29.06644	0	-0.67401	-0.62091
7.86E-5	70	64	4480	0.91429	29.06644	0	-0.92761	-0.4715
7.92E-5	69	65	4485	0.94203	29.52061	0	-0.86438	-0.39795
7.98E-5	68	66	4488	0.97059	29.97477	0	-0.22241	-0.46222
8.04E-5	68	67	4556	0.98529	30.42893	0	-0.65063	-0.18951
8.1E-5	67	68	4556	1.01493	30.8831	0	-0.30109	-0.62396
8.16E-5	68	69	4692	1.01471	31.33726	0	-0.59259	-0.50208
8.22E-5	67	69	4623	1.02985	31.33726	0	-0.42755	-0.5271
8.28E-5	66	70	4620	1.06061	31.79142	0	-0.53235	-0.51447
8.34E-5	66	70	4620	1.06061	31.79142	0	-0.42371	-0.53979
8.4E-5	66	71	4686	1.07576	32.24558	0	-0.33112	-0.05823
8.46E-5	66	71	4686	1.07576	32.24558	0	-0.22736	-0.7915
8.52E-5	66	71	4686	1.07576	32.24558	0	-0.63446	-0.34393
8.58E-5	66	72	4752	1.09091	32.69975	0	-0.4563	-0.36426
8.64E-5	66	72	4752	1.09091	32.69975	0	-0.38123	-0.59399
8.7E-5	66	71	4686	1.07576	32.24558	0	-0.04779	-0.13007
8.76E-5	67	70	4690	1.04478	31.79142	0	-0.44025	-0.30988
8.82E-5	67	70	4690	1.04478	31.79142	0	-0.52295	-0.23029
8.88E-5	67	70	4690	1.04478	31.79142	0	-0.31549	-0.80554
8.94E-5	67	69	4623	1.02985	31.33726	0	-0.8186	-0.26355
9E-5	68	68	4624	1	30.8831	0	-0.78204	-0.64099
9.06E-5	68	67	4556	0.98529	30.42893	0	-0.5741	-0.23688
9.12E-5	68	67	4556	0.98529	30.42893	0	-0.27344	-0.44464
9.18E-5	68	66	4488	0.97059	29.97477	0	-0.04523	-0.38379
9.24E-5	69	65	4485	0.94203	29.52061	0	-0.5495	-0.39783
9.3E-5	69	65	4485	0.94203	29.52061	0	-0.50201	-0.28833
9.36E-5	69	65	4485	0.94203	29.52061	0	-0.62671	-0.5083
9.42E-5	70	64	4480	0.91429	29.06644	0	-0.53375	-0.38617
9.48E-5	69	64	4416	0.92754	29.06644	0	-0.31488	-0.29822
9.54E-5	70	64	4480	0.91429	29.06644	0	-0.15845	-0.38843
9.6E-5	69	64	4416	0.92754	29.06644	0	-0.41565	-0.79334
9.66E-5	69	65	4485	0.94203	29.52061	0	-0.56476	-0.16675
9.72E-5	68	65	4420	0.95588	29.52061	0	-0.29272	-0.45483
9.78E-5	68	66	4488	0.97059	29.97477	0	-0.21136	-0.50214
9.84E-5	68	66	4488	0.97059	29.97477	0	-0.60522	-0.87268
9.9E-5	68	67	4556	0.98529	30.42893	0	-0.37653	-0.15881
9.96E-5	67	67	4489	1	30.42893	0	-0.33026	-0.61597
1.002E-4	67	68	4556	1.01493	30.8831	0	-0.52899	-0.51428
1.008E-4	67	69	4623	1.02985	31.33726	0	-0.35052	-0.52759
1.014E-4	67	69	4623	1.02985	31.33726	0	-0.82141	-0.80115
1.02E-4	67	69	4623	1.02985	31.33726	0	-0.31195	-0.32971
1.026E-4	66	69	4554	1.04546	31.33726	0	-0.33679	-0.54608
1.032E-4	66	70	4620	1.06061	31.79142	0	-0.16779	-0.63959
1.038E-4	66	69	4554	1.04546	31.33726	0	-0.38074	-0.29443
1.044E-4	66	70	4620	1.06061	31.79142	0	-0.60614	-0.63196
1.05E-4	67	70	4690	1.04478	31.79142	0	-0.70538	-0.64416
1.056E-4	66	70	4620	1.06061	31.79142	0	-0.48029	-0.3808
1.062E-4	67	69	4623	1.02985	31.33726	0	-0.16504	-0.20862
1.068E-4	67	69	4623	1.02985	31.33726	0	-0.21857	-0.53009
1.074E-4	68	68	4624	1	30.8831	0	-0.40118	-0.42004
1.08E-4	68	68	4624	1	30.8831	0	-0.27155	-0.31207
1.086E-4	68	67	4556	0.98529	30.42893	0	-0.53326	-0.24146
1.092E-4	68	68	4624	1	30.8831	0	-0.49115	-0.52533
1.098E-4	69	67	4623	0.97101	30.42893	0	-0.45074	-0.49298
1.104E-4	68	66	4488	0.97059	29.97477	0	-0.10773	-0.23694
1.11E-4	68	66	4488	0.97059	29.97477	0	-0.88147	-0.46313
1.116E-4	68	66	4488	0.97059	29.97477	0	-0.72229	-0.52893
1.122E-4	69	66	4554	0.95652	29.97477	0	-0.44531	-0.69977
1.128E-4	69	65	4485	0.94203	29.52061	0	-0.57605	-0.64526
1.134E-4	69	65	4485	0.94203	29.52061	0	-0.21539	-0.48975
1.14E-4	69	65	4485	0.94203	29.52061	0	-0.42438	-0.64301
1.146E-4	69	65	4485	0.94203	29.52061	0	-0.56256	-0.39307
1.152E-4	68	65	4420	0.95588	29.52061	0	-0.68915	-0.63031
1.158E-4	68	65	4420	0.95588	29.52061	0	-0.42957	-0.41333
1.164E-4	68	66	4488	0.97059	29.97477	0	-0.56671	-0.58166
1.17E-4	68	66	4488	0.97059	29.97477	0	-0.45551	-0.18591
1.176E-4	68	67	4556	0.98529	30.42893	0	-0.76093	-0.17096
1.182E-4	67	67	4489	1	30.42893	0	-0.18384	-0.48901
1.188E-4	67	67	4489	1	30.42893	0	-0.68951	-0.48877
1.194E-4	68	68	4624	1	30.8831	0	-0.72882	-0.47968
1.2E-4	67	68	4556	1.01493	30.8831	0	-0.83344	-0.26196
1.206E-4	68	68	4624	1	30.8831	0	-0.68073	-0.38446
1.212E-4	67	68	4556	1.01493	30.8831	0	-0.43158	-0.12476
1.218E-4	67	69	4623	1.02985	31.33726	0	-0.56653	-0.57837
1.224E-4	67	69	4623	1.02985	31.33726	0	-0.86517	-0.18713
1.23E-4	67	69	4623	1.02985	31.33726	0	-0.79218	-0.65564
1.236E-4	67	69	4623	1.02985	31.33726	0	-0.08081	-0.56445
1.242E-4	67	69	4623	1.02985	31.33726	0	-0.26483	-0.90308
1.248E-4	67	69	4623	1.02985	31.33726	0	-0.54126	-0.68597
1.254E-4	67	68	4556	1.01493	30.8831	0	-0.58838	-0.53741
1.26E-4	67	68	4556	1.01493	30.8831	0	-0.31415	-0.30029
1.266E-4	67	68	4556	1.01493	30.8831	0	-0.25659	-0.52838
1.272E-4	68	67	4556	0.98529	30.42893	0	-0.46143	-0.7536
1.278E-4	68	68	4624	1	30.8831	0	-0.26636	-0.88232
1.284E-4	68	67	4556	0.98529	30.42893	0	-0.90015	-0.60486
1.29E-4	68	66	4488	0.97059	29.97477	0	-0.64502	-0.32825
1.296E-4	68	67	4556	0.98529	30.42893	0	-0.49719	-0.50562
1.302E-4	68	66	4488	0.97059	29.97477	0	-0.1925	-0.37103
1.308E-4	69	66	4554	0.95652	29.97477	0	-0.30164	-0.66083
1.314E-4	68	66	4488	0.97059	29.97477	0	-0.5614	-0.51483
1.32E-4	69	66	4554	0.95652	29.97477	0	-0.30383	-0.61566
1.326E-4	69	66	4554	0.95652	29.97477	0	-0.2616	-0.48108
1.332E-4	69	66	4554	0.95652	29.97477	0	-0.03418	-0.52032
1.338E-4	69	66	4554	0.95652	29.97477	0	-0.61169	-0.66608
1.344E-4	68	66	4488	0.97059	29.97477	0	-0.89722	-0.70959
1.35E-4	68	67	4556	0.98529	30.42893	0	-0.34143	-0.6214
1.356E-4	68	66	4488	0.97059	29.97477	0	-0.55469	-0.50775
1.362E-4	68	66	4488	0.97059	29.97477	0	-0.37622	-0.49408
1.368E-4	68	67	4556	0.98529	30.42893	0	-0.6062	-0.08997
1.374E-4	68	67	4556	0.98529	30.42893	0	-0.2644	-0.69226
1.38E-4	68	67	4556	0.98529	30.42893	0	-0.47961	-0.32135
1.386E-4	68	68	4624	1	30.8831	0	-0.70691	-0.50281
1.392E-4	68	68	4624	1	30.8831	0	-0.6073	-0.16101
1.398E-4	68	68	4624	1	30.8831	0	-0.46619	-0.2132
1.404E-4	67	68	4556	1.01493	30.8831	0	-0.54785	-0.6911
1.41E-4	67	68	4556	1.01493	30.8831	0	-0.53711	-0.46143
1.416E-4	68	68	4624	1	30.8831	0	-0.58435	-0.68127
1.422E-4	67	69	4623	1.02985	31.33726	0	-0.63501	-0.57001
1.428E-4	68	68	4624	1	30.8831	0	-0.23315	-0.52264
1.434E-4	67	68	4556	1.01493	30.8831	0	-0.88489	-0.69568
1.44E-4	67	68	4556	1.01493	30.8831	0	-0.60071	-0.46362
1.446E-4	67	68	4556	1.01493	30.8831	0	-0.46497	-0.44824
1.452E-4	67	68	4556	1.01493	30.8831	0	-0.9165	-0.56305
1.458E-4	67	68	4556	1.01493	30.8831	0	-0.38928	-0.5993
1.464E-4	68	67	4556	0.98529	30.42893	0	-0.54895	-0.73859
1.47E-4	67	68	4556	1.01493	30.8831	0	-0.60217	-0.46503
1.476E-4	68	67	4556	0.98529	30.42893	0	-0.40173	-0.31702
1.482E-4	68	67	4556	0.98529	30.42893	0	-0.43921	-0.68555
1.488E-4	68	66	4488	0.97059	29.97477	0	-0.52271	-0.78668
1.494E-4	69	66	4554	0.95652	29.97477	0	-0.43494	-0.39215
1.5E-4	68	67	4556	0.98529	30.42893	0	-0.47754	-0.12781
1.506E-4	68	66	4488	0.97059	29.97477	0	-0.66614	-0.15833
1.512E-4	68	66	4488	0.97059	29.97477	0	-0.33582	-0.52887
1.518E-4	69	66	4554	0.95652	29.97477	0	-0.48413	-0.51971
1.524E-4	69	67	4623	0.97101	30.42893	0	-0.67383	-0.51239
1.53E-4	68	67	4556	0.98529	30.42893	0	-0.64746	-0.20764
1.536E-4	68	66	4488	0.97059	29.97477	0	-0.31396	-0.25421
1.542E-4	68	67	4556	0.98529	30.42893	0	-0.21875	-0.44104
1.548E-4	68	67	4556	0.98529	30.42893	0	-0.37097	-0.43915
1.554E-4	68	67	4556	0.98529	30.42893	0	-0.58618	-0.31476
1.56E-4	68	67	4556	0.98529	30.42893	0	-0.29309	-0.68567
1.566E-4	68	67	4556	0.98529	30.42893	0	-0.29675	-0.77863
1.572E-4	68	67	4556	0.98529	30.42893	0	-0.64575	-0.68896
1.578E-4	68	68	4624	1	30.8831	0	-0.6333	-0.57776
1.584E-4	68	68	4624	1	30.8831	0	-0.16541	-0.64142
1.59E-4	68	68	4624	1	30.8831	0	-0.51392	-0.28326
1.596E-4	67	68	4556	1.01493	30.8831	0	-0.38745	-0.55487
1.602E-4	67	68	4556	1.01493	30.8831	0	-0.69543	-0.44403
1.608E-4	66	67	4422	1.01515	30.42893	0	-0.33051	-0.42163
1.614E-4	67	68	4556	1.01493	30.8831	0	-0.4353	-0.47278
1.62E-4	67	68	4556	1.01493	30.8831	0	-0.35333	-0.63165
1.626E-4	68	68	4624	1	30.8831	0	-0.57739	-0.38824
1.632E-4	68	68	4624	1	30.8831	0	-0.39642	-0.32343
1.638E-4	68	68	4624	1	30.8831	0	-0.39612	-0.50891
1.644E-4	68	69	4692	1.01471	31.33726	0	-0.33179	-0.63672
1.65E-4	68	68	4624	1	30.8831	0	-0.39056	-0.64972
1.656E-4	68	68	4624	1	30.8831	0	-0.52209	-0.72656
1.662E-4	68	68	4624	1	30.8831	0	-0.11395	-0.50458
1.668E-4	68	67	4556	0.98529	30.42893	0	-0.46436	-0.56909
1.674E-4	68	67	4556	0.98529	30.42893	0	-0.42017	-0.8183
1.68E-4	67	67	4489	1	30.42893	0	-0.39331	-0.49524
1.686E-4	68	67	4556	0.98529	30.42893	0	-0.70367	-0.27289
1.692E-4	68	67	4556	0.98529	30.42893	0	-0.34949	-0.46069
1.698E-4	68	68	4624	1	30.8831	0	-0.4198	-0.88672
1.704E-4	68	68	4624	1	30.8831	0	-0.38098	-0.0639
1.71E-4	68	67	4556	0.98529	30.42893	0	-0.15332	-0.42114
1.716E-4	68	67	4556	0.98529	30.42893	0	-0.08215	-0.32971
1.722E-4	68	68	4624	1	30.8831	0	-0.56183	-0.42273
1.728E-4	68	67	4556	0.98529	30.42893	0	-0.21661	-0.87061
1.734E-4	68	67	4556	0.98529	30.42893	0	-0.45935	-0.38812
1.74E-4	67	67	4489	1	30.42893	0	-0.1391	-0.49493
1.746E-4	68	67	4556	0.98529	30.42893	0	-0.3811	-0.7406
1.752E-4	68	67	4556	0.98529	30.42893	0	-0.50226	-0.54584
1.758E-4	68	67	4556	0.98529	30.42893	0	-0.63983	-0.77521
1.764E-4	68	67	4556	0.98529	30.42893	0	-0.50757	-0.69989
1.77E-4	68	68	4624	1	30.8831	0	-0.58643	-0.90271
1.776E-4	68	67	4556	0.98529	30.42893	0	-0.44696	-0.39587
1.782E-4	67	68	4556	1.01493	30.8831	0	-0.32367	-0.39856
1.788E-4	68	68	4624	1	30.8831	0	-0.40027	-0.24176
1.794E-4	68	68	4624	1	30.8831	0	-0.6225	-0.64703
1.8E-4	68	68	4624	1	30.8831	0	-0.43762	-0.67987
1.806E-4	67	68	4556	1.01493	30.8831	0	-0.40155	-0.41107
1.812E-4	67	68	4556	1.01493	30.8831	0	-0.49139	-0.55371
1.818E-4	67	68	4556	1.01493	30.8831	0	-0.3905	-0.45215
1.824E-4	68	68	4624	1	30.8831	0	-0.81592	-0.69757
1.83E-4	67	68	4556	1.01493	30.8831	0	-0.28851	-0.68207
1.836E-4	68	68	4624	1	30.8831	0	-0.47882	-0.55353
1.842E-4	68	67	4556	0.98529	30.42893	0	-0.42035	-0.71387
1.848E-4	67	68	4556	1.01493	30.8831	0	-0.3197	-0.46478
1.854E-4	68	68	4624	1	30.8831	0	-0.401	-0.31488
1.86E-4	68	68	4624	1	30.8831	0	-0.22485	-0.32764
1.866E-4	67	68	4556	1.01493	30.8831	0	-0.68042	-0.55634
1.872E-4	67	67	4489	1	30.42893	0	-0.48822	-0.52747
1.878E-4	68	67	4556	0.98529	30.42893	0	-0.49243	-0.13995
1.884E-4	67	68	4556	1.01493	30.8831	0	-0.44061	-0.52161
1.89E-4	67	67	4489	1	30.42893	0	-0.31842	-0.48877
1.896E-4	68	67	4556	0.98529	30.42893	0	-0.47809	-0.43378
1.902E-4	68	68	4624	1	30.8831	0	-0.35663	-0.67877
1.908E-4	68	67	4556	0.98529	30.42893	0	-0.7915	-0.3631
1.914E-4	68	67	4556	0.98529	30.42893	0	-0.4223	-0.68854
1.92E-4	67	67	4489	1	30.42893	0	-0.26386	-0.35425
1.926E-4	68	67	4556	0.98529	30.42893	0	-0.70032	-0.7182
1.932E-4	68	67	4556	0.98529	30.42893	0	-0.56458	-0.89105
1.938E-4	67	67	4489	1	30.42893	0	-0.50842	-0.56177
1.944E-4	68	67	4556	0.98529	30.42893	0	-0.57025	-0.55505
1.95E-4	68	67	4556	0.98529	30.42893	0	-0.45605	-0.75775
1.956E-4	68	67	4556	0.98529	30.42893	0	-0.36646	-0.60864
1.962E-4	68	67	4556	0.98529	30.42893	0	-0.28491	-0.58014
1.968E-4	67	67	4489	1	30.42893	0	-0.23907	-0.41492
1.974E-4	68	68	4624	1	30.8831	0	-0.06134	-0.87225
1.98E-4	68	68	4624	1	30.8831	0	-0.14734	-0.77246
1.986E-4	68	67	4556	0.98529	30.42893	0	-0.4679	-0.55518
1.992E-4	67	68	4556	1.01493	30.8831	0	-0.55212	-0.43677
1.998E-4	67	67	4489	1	30.42893	0	-0.11914	-0.15997
2.004E-4	68	67	4556	0.98529	30.42893	0	-0.19458	-0.38428
2.01E-4	68	68	4624	1	30.8831	0	-0.38245	-0.62378
2.016E-4	67	68	4556	1.01493	30.8831	0	-0.4267	-0.23065
2.022E-4	67	67	4489	1	30.42893	0	-0.28528	-0.20752
2.028E-4	67	67	4489	1	30.42893	0	-0.17072	-0.19226
2.034E-4	67	67	4489	1	30.42893	0	-0.49377	-0.71759
2.04E-4	67	67	4489	1	30.42893	0	-0.66315	-0.19861
2.046E-4	67	67	4489	1	30.42893	0	-0.40417	-0.48016
2.052E-4	67	67	4489	1	30.42893	0	-0.41302	-0.51331
2.058E-4	68	67	4556	0.98529	30.42893	0	-0.60461	-0.5271
2.064E-4	67	67	4489	1	30.42893	0	-0.86328	-0.28333
2.07E-4	67	67	4489	1	30.8831	0	-0.45538	-0.40375
2.076E-4	67	67	4489	1	30.42893	0	-0.56494	-0.43927
2.082E-4	67	67	4489	1	30.42893	0	-0.52673	-0.73694
2.088E-4	67	66	4422	0.98507	30.8831	0	-0.40466	-0.37811
2.094E-4	68	67	4556	0.98529	30.42893	0	-0.4342	-0.11572
2.1E-4	67	67	4489	1	30.42893	0	-0.72095	-0.53699
2.106E-4	68	67	4556	0.98529	30.42893	0	-0.60919	-0.14777
2.112E-4	67	66	4422	0.98507	30.42893	0	-0.54285	-0.39667
2.118E-4	67	66	4422	0.98507	30.42893	0	-0.39941	-0.7442
2.124E-4	68	67	4556	0.98529	30.42893	0	-0.09998	-0.36365
2.13E-4	68	66	4488	0.97059	30.42893	0	-0.66193	-0.43262
2.136E-4	68	67	4556	0.98529	30.8831	0	-0.28882	-0.65881
2.142E-4	67	67	4489	1	30.42893	0	-0.96167	-0.36658
2.148E-4	67	67	4489	1	30.8831	0	-0.74854	-0.37103
2.154E-4	67	67	4489	1	30.8831	0	-0.62634	-0.46393
2.16E-4	67	67	4489	1	30.8831	0	-0.30402	-0.36121
2.166E-4	68	67	4556	0.98529	30.8831	0	-0.15326	-0.46106
2.172E-4	67	67	4489	1	30.8831	0	-0.12872	-0.36542
2.178E-4	67	67	4489	1	30.8831	0	-0.33545	-0.44086
2.184E-4	68	66	4488	0.97059	30.8831	0	-0.39423	-0.54059
2.19E-4	68	67	4556	0.98529	30.8831	0	-0.64984	-0.33942
2.196E-4	67	67	4489	1	30.8831	0	-0.47748	-0.37109
2.202E-4	68	67	4556	0.98529	30.8831	0	-0.83954	-0.36761
2.208E-4	67	66	4422	0.98507	30.42893	0	-0.56488	-0.83618
2.214E-4	68	67	4556	0.98529	30.8831	0	-0.84839	-0.58612
2.22E-4	67	67	4489	1	30.8831	0	-0.72253	-0.03461
2.226E-4	68	67	4556	0.98529	30.8831	0	-0.29126	-0.48468
2.232E-4	67	67	4489	1	30.8831	0	-0.01129	-0.26636
2.238E-4	67	66	4422	0.98507	30.42893	0	-0.47693	-0.37555
2.244E-4	67	66	4422	0.98507	30.42893	0	-0.56268	-0.64594
2.25E-4	68	66	4488	0.97059	30.8831	0	-0.31464	-0.46198
2.256E-4	67	66	4422	0.98507	30.42893	0	-0.37384	-0.23163
2.262E-4	67	66	4422	0.98507	30.42893	0	-0.56995	-0.5885
2.268E-4	68	67	4556	0.98529	30.8831	0	-0.73755	-0.38367
2.274E-4	68	67	4556	0.98529	30.42893	0	-0.41473	-0.54163
2.28E-4	68	66	4488	0.97059	30.42893	0	-0.20404	-0.58331
2.286E-4	67	66	4422	0.98507	30.42893	0	-0.31317	-0.2608
2.292E-4	67	66	4422	0.98507	30.42893	0	-0.36151	-0.42926
2.298E-4	67	67	4489	1	30.42893	0	-0.2738	-0.56171
2.304E-4	68	67	4556	0.98529	30.42893	0	-0.63995	-0.57697
2.31E-4	68	66	4488	0.97059	30.42893	0	-0.59192	-0.62225
2.316E-4	67	66	4422	0.98507	30.42893	0	-0.66626	-0.26996
2.322E-4	67	66	4422	0.98507	30.42893	0	-0.63861	-0.38147
2.328E-4	67	67	4489	1	30.42893	0	-0.5946	-0.71326
2.334E-4	67	66	4422	0.98507	30.42893	0	-0.49811	-0.72943
2.34E-4	68	67	4556	0.98529	30.8831	0	-0.63403	-0.60242
2.346E-4	67	67	4489	1	30.8831	0	-0.34302	-0.13232
2.352E-4	68	66	4488	0.97059	30.42893	0	-0.68085	-0.56995
2.358E-4	67	66	4422	0.98507	30.8831	0	-0.43457	-0.75458
2.364E-4	68	66	4488	0.97059	30.42893	0	-0.34875	-0.6098
2.37E-4	67	67	4489	1	30.42893	0	-0.64038	-0.48547
2.376E-4	67	67	4489	1	30.8831	0	-0.68109	-0.4184
2.382E-4	67	66	4422	0.98507	30.8831	0	-0.50684	-0.63184
2.388E-4	68	67	4556	0.98529	30.42893	0	-0.47827	-0.67676
2.394E-4	67	66	4422	0.98507	30.42893	0	-0.8009	-0.48242
2.4E-4	67	67	4489	1	30.42893	0	-0.11481	-0.71783
2.406E-4	68	67	4556	0.98529	30.42893	0	-0.34753	-0.50543
2.412E-4	67	67	4489	1	30.42893	0	-0.42444	-0.18964
2.418E-4	67	67	4489	1	30.42893	0	-0.28735	-0.52777
2.424E-4	68	67	4556	0.98529	30.42893	0	-0.26807	-0.46277
2.43E-4	68	67	4556	0.98529	30.42893	0	-0.68164	-0.39502
2.436E-4	67	67	4489	1	30.8831	0	-0.38654	-0.15338
2.442E-4	67	67	4489	1	30.42893	0	-0.11377	-0.20117
2.448E-4	67	67	4489	1	30.42893	0	-0.42072	-0.63947
2.454E-4	67	66	4422	0.98507	30.8831	0	-0.23688	-0.29407
2.46E-4	67	66	4422	0.98507	30.42893	0	-0.3634	-0.27069
2.466E-4	67	67	4489	1	30.42893	0	-0.66626	-0.56335
2.472E-4	67	66	4422	0.98507	30.42893	0	-0.52185	-0.69073
2.478E-4	68	66	4488	0.97059	30.42893	0	-0.28778	-0.53815
2.484E-4	68	66	4488	0.97059	30.42893	0	-0.50562	-0.62286
2.49E-4	67	66	4422	0.98507	30.42893	0	-0.74799	-0.26324
2.496E-4	67	66	4422	0.98507	30.42893	0	-0.76556	-0.72296
2.502E-4	67	66	4422	0.98507	30.8831	0	-0.58612	-0.86145
2.508E-4	68	66	4488	0.97059	30.42893	0	-0.29041	-0.46936
2.514E-4	67	66	4422	0.98507	30.8831	0	-0.68225	-0.17651
2.52E-4	67	66	4422	0.98507	30.8831	0	-0.50256	-0.14948
2.526E-4	67	66	4422	0.98507	30.8831	0	-0.50861	-0.35242
2.532E-4	67	66	4422	0.98507	30.8831	0	-0.39868	-0.45386
2.538E-4	67	66	4422	0.98507	30.8831	0	-0.6723	-0.41034
2.544E-4	67	66	4422	0.98507	30.8831	0	-0.46606	-0.52094
2.55E-4	67	67	4489	1	30.8831	0	-0.52551	-0.72632
2.556E-4	68	66	4488	0.97059	30.8831	0	-0.31555	-0.59845
2.562E-4	68	67	4556	0.98529	30.8831	0	-0.12244	-0.43677
2.568E-4	68	67	4556	0.98529	30.8831	0	-0.21741	-0.42822
2.574E-4	68	67	4556	0.98529	30.42893	0	-0.55939	-0.64532
2.58E-4	68	67	4556	0.98529	30.8831	0	-0.77826	-0.44604
2.586E-4	67	67	4489	1	30.8831	0	-0.57892	-0.24414
2.592E-4	67	67	4489	1	30.8831	0	-0.77716	-0.23969
2.598E-4	67	66	4422	0.98507	30.8831	0	-0.52203	-0.09808
2.604E-4	67	66	4422	0.98507	30.42893	0	-0.62372	-0.47113
2.61E-4	67	67	4489	1	30.42893	0	-0.63605	-0.34741
2.616E-4	67	67	4489	1	30.8831	0	-0.34009	-0.46161
2.622E-4	67	67	4489	1	30.42893	0	-0.7713	-0.43225
2.628E-4	67	66	4422	0.98507	30.42893	0	-0.44745	-0.31512
2.634E-4	67	66	4422	0.98507	30.8831	0	-0.45654	-0.66174
2.64E-4	67	67	4489	1	30.42893	0	-0.28857	-0.73279
2.646E-4	67	66	4422	0.98507	30.42893	0	-0.77509	-0.44409
2.652E-4	67	67	4489	1	30.42893	0	-0.44464	-0.51599
2.658E-4	67	67	4489	1	30.42893	0	-0.60205	-0.58087
2.664E-4	68	67	4556	0.98529	30.42893	0	-0.34906	-0.38098
2.67E-4	67	67	4489	1	30.42893	0	-0.28479	-0.53088
2.676E-4	67	67	4489	1	30.42893	0	-0.20117	-0.21631
2.682E-4	67	66	4422	0.98507	30.42893	0	-0.40228	-0.35931
2.688E-4	67	66	4422	0.98507	30.42893	0	-0.56696	-0.74451
2.694E-4	67	67	4489	1	30.42893	0	-0.3974	-0.67456
2.7E-4	67	67	4489	1	30.42893	0	-0.31464	-0.76135
2.706E-4	68	67	4556	0.98529	30.8831	0	-0.73395	-0.47015
2.712E-4	68	67	4556	0.98529	30.8831	0	-0.46381	-0.34998
2.718E-4	68	67	4556	0.98529	30.42893	0	-0.59698	-0.41656
2.724E-4	68	66	4488	0.97059	30.8831	0	-0.45282	-0.44537
2.73E-4	67	67	4489	1	30.42893	0	-0.24384	-0.67389
2.736E-4	67	67	4489	1	30.42893	0	-0.63586	-0.31757
2.742E-4	67	66	4422	0.98507	30.8831	0	-0.58514	-0.31317
2.748E-4	67	66	4422	0.98507	30.8831	0	-0.52612	-0.23309
2.754E-4	67	66	4422	0.98507	30.42893	0	-0.59045	-0.69861
2.76E-4	68	67	4556	0.98529	30.42893	0	-0.19946	-0.45935
2.766E-4	68	67	4556	0.98529	30.42893	0	-0.24854	-0.41583
2.772E-4	68	67	4556	0.98529	30.42893	0	-0.18762	-0.45123
2.778E-4	67	67	4489	1	30.42893	0	-0.52417	-0.27057
2.784E-4	67	67	4489	1	30.42893	0	-0.72754	-0.2146
2.79E-4	68	67	4556	0.98529	30.42893	0	-0.60376	-0.46222
2.796E-4	67	67	4489	1	30.42893	0	-0.77698	-0.53101
2.802E-4	67	67	4489	1	30.8831	0	-0.51538	-0.77191
2.808E-4	67	67	4489	1	30.42893	0	-0.15503	-0.53876
2.814E-4	68	67	4556	0.98529	30.42893	0	-0.0022	-0.37518
2.82E-4	68	67	4556	0.98529	30.8831	0	-0.59241	-0.4693
2.826E-4	68	67	4556	0.98529	30.42893	0	-0.25903	-0.39807
2.832E-4	68	67	4556	0.98529	30.42893	0	-0.25781	-0.44678
2.838E-4	67	67	4489	1	30.42893	0	-0.2063	-0.55188
2.844E-4	67	67	4489	1	30.42893	0	-0.8844	-0.87042
2.85E-4	67	66	4422	0.98507	30.42893	0	-0.41235	-0.55444
2.856E-4	67	67	4489	1	30.42893	0	-0.80591	-0.17303
2.862E-4	68	67	4556	0.98529	30.42893	0	-0.06897	-0.5188
2.868E-4	68	67	4556	0.98529	30.8831	0	-0.1499	-0.41595
2.874E-4	67	67	4489	1	30.42893	0	-0.1416	-0.80743
2.88E-4	68	67	4556	0.98529	30.8831	0	-0.17676	-0.34888
2.886E-4	67	67	4489	1	30.8831	0	-0.27173	-0.46014
2.892E-4	67	67	4489	1	30.8831	0	-0.47839	-0.57733
2.898E-4	68	67	4556	0.98529	30.8831	0	-0.66235	-0.2666
2.904E-4	67	67	4489	1	30.8831	0	-0.40515	-0.40601
2.91E-4	67	67	4489	1	30.8831	0	-0.36597	-0.37933
2.916E-4	67	67	4489	1	30.8831	0	-0.17542	-0.62018
2.922E-4	67	67	4489	1	30.8831	0	-0.60693	-0.50372
2.928E-4	67	66	4422	0.98507	30.8831	0	-0.59808	-0.67755
2.934E-4	67	67	4489	1	30.8831	0	-0.59949	-0.5556
2.94E-4	67	67	4489	1	30.42893	0	-0.6156	-0.12195
2.946E-4	67	67	4489	1	30.8831	0	-0.20044	-0.73956
2.952E-4	67	67	4489	1	30.8831	0	-0.32874	-0.3327
2.958E-4	67	67	4489	1	30.8831	0	-0.66077	-0.68304
2.964E-4	67	67	4489	1	30.8831	0	-0.35309	-0.47314
2.97E-4	67	67	4489	1	30.42893	0	-0.87653	-0.79242
2.976E-4	67	67	4489	1	30.42893	0	-0.46399	-0.20453
2.982E-4	67	67	4489	1	30.8831	0	-0.65521	-0.78552
2.988E-4	67	67	4489	1	30.42893	0	-0.19055	-0.7572
2.994E-4	68	67	4556	0.98529	30.42893	0	-0.09998	-0.61743
3E-4	68	66	4488	0.97059	30.8831	0	-0.50555	-0.60046
3.006E-4	67	67	4489	1	30.42893	0	-0.26611	-0.13452
3.012E-4	68	67	4556	0.98529	30.42893	0	-0.0033	-0.54382
3.018E-4	67	67	4489	1	30.42893	0	-0.31012	-0.84534
3.024E-4	67	67	4489	1	30.42893	0	-0.51166	-0.22778
3.03E-4	67	66	4422	0.98507	30.42893	0	-0.45734	-0.42206
3.036E-4	67	67	4489	1	30.42893	0	-0.35175	-0.6933
3.042E-4	67	67	4489	1	30.42893	0	-0.20276	-0.73663
3.048E-4	67	67	4489	1	30.42893	0	-0.40784	-0.67096
3.054E-4	68	67	4556	0.98529	30.42893	0	-0.10162	-0.61133
3.06E-4	67	67	4489	1	30.42893	0	-0.26605	-0.05658
3.066E-4	67	67	4489	1	30.42893	0	-0.97223	-0.51141
3.072E-4	68	66	4488	0.97059	30.8831	0	-0.43475	-0.55066
3.078E-4	67	66	4422	0.98507	30.8831	0	-0.50513	-0.72766
3.084E-4	67	67	4489	1	30.42893	0	-0.20062	-0.89728
3.09E-4	68	67	4556	0.98529	30.8831	0	-0.10339	-0.50757
3.096E-4	67	67	4489	1	30.42893	0	-0.30963	-0.77356
3.102E-4	67	66	4422	0.98507	30.42893	0	-0.54437	-0.79602
3.108E-4	67	67	4489	1	30.8831	0	-0.76172	-0.81238
3.114E-4	68	66	4488	0.97059	30.8831	0	-0.38373	-0.62885
3.12E-4	67	67	4489	1	30.42893	0	-0.53082	-0.38788
3.126E-4	67	66	4422	0.98507	30.42893	0	-0.56226	-0.52771
3.132E-4	67	66	4422	0.98507	30.42893	0	-0.54498	-0.11804
3.138E-4	67	67	4489	1	30.42893	0	-0.5188	-0.46527
3.144E-4	67	66	4422	0.98507	30.42893	0	-0.55841	-0.60492
3.15E-4	67	67	4489	1	30.42893	0	-0.43488	-0.07538
3.156E-4	67	67	4489	1	30.42893	0	-0.23438	-0.68323
3.162E-4	67	67	4489	1	30.42893	0	-0.70819	-0.31598
3.168E-4	67	67	4489	1	30.8831	0	-0.17047	-0.10724
3.174E-4	67	67	4489	1	30.42893	0	-0.14075	-0.28815
3.18E-4	67	67	4489	1	30.42893	0	-0.41742	-0.22614
3.186E-4	67	67	4489	1	30.8831	0	-0.45532	-0.72668
3.192E-4	67	67	4489	1	30.42893	0	-0.0553	-0.22662
3.198E-4	67	67	4489	1	30.42893	0	-0.84973	-0.36298
3.204E-4	67	67	4489	1	30.42893	0	-0.11682	-0.62952
3.21E-4	67	67	4489	1	30.42893	0	-0.4809	-0.27197
3.216E-4	67	67	4489	1	30.42893	0	-0.41492	-0.68042
3.222E-4	67	67	4489	1	30.42893	0	-0.31567	-0.49689
3.228E-4	67	67	4489	1	30.42893	0	-0.71472	-0.26624
3.234E-4	67	66	4422	0.98507	30.8831	0	-0.40973	-0.47461
3.24E-4	67	67	4489	1	30.42893	0	-0.31873	-0.63629
3.246E-4	67	67	4489	1	30.8831	0	-0.38727	-0.4892
3.252E-4	67	67	4489	1	30.8831	0	-0.88422	-0.30774
3.258E-4	67	67	4489	1	30.8831	0	-0.92041	-0.0813
3.264E-4	67	67	4489	1	30.8831	0	-0.65479	-0.6944
3.27E-4	67	67	4489	1	30.8831	0	-0.53503	-0.68903
3.276E-4	67	67	4489	1	30.8831	0	-0.43304	-0.39429
3.282E-4	67	67	4489	1	30.8831	0	-0.75671	-0.38019
3.288E-4	67	67	4489	1	30.8831	0	-0.48059	-0.40308
3.294E-4	67	67	4489	1	30.8831	0	-0.72168	-0.32733
3.3E-4	67	67	4489	1	30.8831	0	-0.79156	-0.75208
3.306E-4	67	67	4489	1	30.42893	0	-0.72461	-0.85394
3.312E-4	67	67	4489	1	30.8831	0	-0.42932	-0.81299
3.318E-4	67	67	4489	1	30.8831	0	-0.32294	-0.30176
3.324E-4	67	66	4422	0.98507	30.8831	0	-0.57153	-0.36206
3.33E-4	67	66	4422	0.98507	30.8831	0	-0.51386	-0.28479
3.336E-4	68	67	4556	0.98529	30.42893	0	-0.85394	-0.5946
3.342E-4	67	67	4489	1	30.42893	0	-0.13721	-0.28387
3.348E-4	68	67	4556	0.98529	30.8831	0	-0.35663	-0.49426
3.354E-4	67	66	4422	0.98507	30.42893	0	-0.39795	-0.27271
3.36E-4	67	66	4422	0.98507	30.42893	0	-0.64337	-0.11646
3.366E-4	67	67	4489	1	30.8831	0	-0.58429	-0.80273
3.372E-4	68	67	4556	0.98529	30.42893	0	-0.66309	-0.43634
3.378E-4	67	67	4489	1	30.42893	0	-0.19226	-0.67377
3.384E-4	68	67	4556	0.98529	30.42893	0	-0.56287	-0.51001
3.39E-4	67	67	4489	1	30.42893	0	-0.53979	-0.67346
3.396E-4	67	66	4422	0.98507	30.42893	0	-0.42535	-0.52405
3.402E-4	67	66	4422	0.98507	30.42893	0	-0.44666	-0.72632
3.408E-4	67	67	4489	1	30.42893	0	-0.44373	-0.41943
3.414E-4	67	67	4489	1	30.42893	0	-0.19269	-0.61627
3.42E-4	67	67	4489	1	30.42893	0	-0.61761	-0.57538
3.426E-4	67	67	4489	1	30.42893	0	-0.68921	-0.2934
3.432E-4	67	66	4422	0.98507	30.42893	0	-0.39917	-0.02472
3.438E-4	67	67	4489	1	30.8831	0	-0.77539	-0.08643
3.444E-4	67	66	4422	0.98507	30.8831	0	-0.30817	-0.41992
3.45E-4	67	67	4489	1	30.42893	0	-0.28735	-0.07983
3.456E-4	67	67	4489	1	30.8831	0	-0.30463	-0.4032
3.462E-4	67	67	4489	1	30.42893	0	-0.24951	-0.07684
3.468E-4	67	67	4489	1	30.42893	0	-0.28558	-0.65308
3.474E-4	67	67	4489	1	30.8831	0	-0.64673	-0.34583
3.48E-4	67	67	4489	1	30.8831	0	-0.28516	-0.13971
3.486E-4	67	66	4422	0.98507	30.42893	0	-0.63013	-0.41846
3.492E-4	67	67	4489	1	30.42893	0	-0.33191	-0.25732
3.498E-4	67	66	4422	0.98507	30.42893	0	-0.6026	-0.59711
3.504E-4	67	66	4422	0.98507	30.42893	0	-0.38586	-0.8338
3.51E-4	67	67	4489	1	30.42893	0	-0.54614	-0.68799
3.516E-4	67	66	4422	0.98507	30.42893	0	-0.30682	-0.05054
3.522E-4	67	67	4489	1	30.42893	0	-0.55841	-0.53351
3.528E-4	67	67	4489	1	30.42893	0	-0.33362	-0.31177
3.534E-4	68	67	4556	0.98529	30.8831	0	-0.74622	-0.63544
3.54E-4	67	67	4489	1	30.42893	0	-0.57385	-0.78143
3.546E-4	67	67	4489	1	30.42893	0	-0.37628	-0.43872
3.552E-4	67	66	4422	0.98507	30.8831	0	-0.72498	0.03394
3.558E-4	67	67	4489	1	30.42893	0	-0.26868	-0.40924
3.564E-4	67	67	4489	1	30.42893	0	-0.39154	-0.41589
3.57E-4	67	66	4422	0.98507	30.42893	0	-0.45996	-0.94794
3.576E-4	67	67	4489	1	30.42893	0	-0.52148	0.01331
3.582E-4	67	67	4489	1	30.42893	0	-0.61945	-0.49799
3.588E-4	67	66	4422	0.98507	30.42893	0	-0.56506	-0.26648
3.594E-4	67	67	4489	1	30.42893	0	-0.51202	-0.88287
3.6E-4	67	67	4489	1	30.8831	0	-0.17078	-0.81372
3.606E-4	68	66	4488	0.97059	30.42893	0	-0.39307	-0.44849
3.612E-4	67	66	4422	0.98507	30.8831	0	-0.50098	-0.09985
3.618E-4	67	67	4489	1	30.8831	0	-0.47968	-0.28174
3.624E-4	67	66	4422	0.98507	30.8831	0	-0.39764	-0.1344
3.63E-4	67	66	4422	0.98507	30.8831	0	-0.59735	-0.20776
3.636E-4	67	67	4489	1	30.8831	0	-0.71942	0.02094
3.642E-4	67	66	4422	0.98507	30.8831	0	-0.42737	-0.54413
3.648E-4	67	67	4489	1	30.8831	0	-0.29926	-0.26251
3.654E-4	67	66	4422	0.98507	30.8831	0	-0.56647	-0.03748
3.66E-4	66	67	4422	1.01515	30.8831	0	-0.38879	-0.54883
3.666E-4	67	67	4489	1	30.8831	0	-0.3548	-0.16083
3.672E-4	67	67	4489	1	30.42893	0	-0.73962	-0.61078
3.678E-4	67	67	4489	1	30.8831	0	-0.46704	-0.54242
3.684E-4	67	66	4422	0.98507	30.8831	0	-0.51978	-0.58112
3.69E-4	67	67	4489	1	30.8831	0	-0.40704	-0.29889
3.696E-4	67	66	4422	0.98507	30.8831	0	-0.54419	-0.2038
3.702E-4	67	66	4422	0.98507	30.42893	0	-0.75031	-0.03021
3.708E-4	66	67	4422	1.01515	30.42893	0	-0.18866	-0.43854
3.714E-4	67	67	4489	1	30.8831	0	-0.34546	-0.35602
3.72E-4	66	66	4356	1	30.42893	0	-0.54468	-0.49121
3.726E-4	67	67	4489	1	30.42893	0	-0.75281	-0.57623
3.732E-4	67	66	4422	0.98507	30.8831	0	-0.68805	-0.52435
3.738E-4	67	67	4489	1	30.42893	0	-0.74805	-0.93262
3.744E-4	67	67	4489	1	30.42893	0	-0.59271	-0.78308
3.75E-4	67	67	4489	1	30.42893	0	-0.42065	-0.84052
3.756E-4	67	66	4422	0.98507	30.42893	0	-0.4834	-0.27301
3.762E-4	67	66	4422	0.98507	30.42893	0	-0.56775	-0.68762
3.768E-4	67	66	4422	0.98507	30.42893	0	-0.52063	-0.49457
3.774E-4	66	67	4422	1.01515	30.42893	0	-0.67291	-0.45215
3.78E-4	67	66	4422	0.98507	30.42893	0	-0.30981	-0.17126
3.786E-4	68	67	4556	0.98529	30.42893	0	-0.60138	-0.56305
3.792E-4	67	66	4422	0.98507	30.42893	0	-0.43793	-0.70782
3.798E-4	67	66	4422	0.98507	30.42893	0	-0.61603	-0.85468
3.804E-4	67	66	4422	0.98507	30.8831	0	-0.5976	-0.34924
3.81E-4	67	67	4489	1	30.8831	0	-0.29944	-0.77612
3.816E-4	67	67	4489	1	30.42893	0	-0.8291	-0.75848
3.822E-4	67	67	4489	1	30.8831	0	-0.13062	-0.26263
3.828E-4	67	67	4489	1	30.42893	0	-0.45673	-0.53668
3.834E-4	67	66	4422	0.98507	30.42893	0	-0.48303	-0.63763
3.84E-4	68	66	4488	0.97059	30.8831	0	-0.52191	-0.51019
3.846E-4	67	66	4422	0.98507	30.8831	0	-0.33734	-0.45093
3.852E-4	67	67	4489	1	30.42893	0	-0.16016	-0.56586
3.858E-4	67	66	4422	0.98507	30.42893	0	-0.37726	-0.35077
3.864E-4	67	66	4422	0.98507	30.42893	0	-0.60034	-0.88788
3.87E-4	68	66	4488	0.97059	30.42893	0	-0.56519	-0.48755
3.876E-4	67	67	4489	1	30.42893	0	-0.38947	-0.21185
3.882E-4	67	66	4422	0.98507	30.42893	0	-0.66492	-0.41016
3.888E-4	67	66	4422	0.98507	30.42893	0	-0.784	-0.31134
3.894E-4	67	67	4489	1	30.42893	0	-0.64685	-0.29395
3.9E-4	67	66	4422	0.98507	30.8831	0	-0.57581	-0.33899
3.906E-4	67	67	4489	1	30.42893	0	-0.59839	-0.36176
3.912E-4	66	66	4356	1	30.42893	0	-0.45288	-0.521
3.918E-4	67	67	4489	1	30.8831	0	-0.35522	-0.37585
3.924E-4	67	67	4489	1	30.42893	0	-0.29639	-0.55988
3.93E-4	66	67	4422	1.01515	30.42893	0	-0.6532	-0.46112
3.936E-4	67	67	4489	1	30.42893	0	-0.573	-0.07703
3.942E-4	67	67	4489	1	30.42893	0	-0.26636	-0.09338
3.948E-4	67	67	4489	1	30.42893	0	-0.35315	-0.2074
3.954E-4	67	66	4422	0.98507	30.42893	0	-0.36682	-0.24261
3.96E-4	67	67	4489	1	30.42893	0	-0.48572	-0.47479
3.966E-4	67	67	4489	1	30.8831	0	-0.28162	-0.70575
3.972E-4	67	67	4489	1	30.42893	0	-0.28894	-0.83838
3.978E-4	67	66	4422	0.98507	30.8831	0	-0.50537	-0.71906
3.984E-4	67	66	4422	0.98507	30.8831	0	-0.35107	-0.28888
3.99E-4	68	66	4488	0.97059	30.8831	0	-0.5564	-0.42236
3.996E-4	67	66	4422	0.98507	30.8831	0	-0.46985	-0.23682
4.002E-4	67	67	4489	1	30.8831	0	-0.54211	-0.59521
4.008E-4	67	67	4489	1	30.8831	0	-0.53735	-1.03534
4.014E-4	67	66	4422	0.98507	30.8831	0	-0.41663	-0.73981
4.02E-4	67	66	4422	0.98507	30.8831	0	-0.62866	-0.83209
4.026E-4	67	67	4489	1	30.8831	0	-0.11987	-0.42096
4.032E-4	68	66	4488	0.97059	30.8831	0	-0.54895	-0.51678
4.038E-4	67	66	4422	0.98507	30.42893	0	-0.46802	-0.9856
4.044E-4	67	67	4489	1	30.8831	0	-0.62695	-0.86578
4.05E-4	67	66	4422	0.98507	30.8831	0	-0.41113	-0.3739
4.056E-4	67	67	4489	1	30.8831	0	-0.22656	-0.59595
4.062E-4	67	66	4422	0.98507	30.8831	0	-0.53113	-0.51263
4.068E-4	67	66	4422	0.98507	30.42893	0	-0.66528	-0.60999
4.074E-4	67	66	4422	0.98507	30.42893	0	-0.69336	-0.77881
4.08E-4	67	66	4422	0.98507	30.8831	0	-0.29224	-0.46844
4.086E-4	67	66	4422	0.98507	30.42893	0	-0.33533	-0.29785
4.092E-4	67	67	4489	1	30.42893	0	-0.73206	-0.42224
4.098E-4	67	67	4489	1	30.8831	0	-0.28613	-0.26978
4.104E-4	67	66	4422	0.98507	30.42893	0	-0.49695	-0.42981
4.11E-4	67	66	4422	0.98507	30.42893	0	-0.59106	-0.40717
4.116E-4	67	67	4489	1	30.42893	0	-0.64587	-0.63757
4.122E-4	68	66	4488	0.97059	30.42893	0	-0.67407	-0.39056
4.128E-4	67	67	4489	1	30.42893	0	-0.70642	-0.38733
4.134E-4	67	67	4489	1	30.42893	0	-0.42017	-0.2395
4.14E-4	67	66	4422	0.98507	30.42893	0	-0.4082	-0.09723
4.146E-4	67	67	4489	1	30.42893	0	-0.43433	-0.59308
4.152E-4	67	67	4489	1	30.42893	0	-0.87024	-0.8634
4.158E-4	67	67	4489	1	30.42893	0	-0.89416	-0.87463
4.164E-4	67	67	4489	1	30.42893	0	-0.84351	-0.62946
4.17E-4	67	67	4489	1	30.8831	0	-0.43652	-0.40887
4.176E-4	67	66	4422	0.98507	30.8831	0	-0.49719	-0.40173
4.182E-4	67	67	4489	1	30.42893	0	-0.95984	-0.71759
4.188E-4	67	67	4489	1	30.8831	0	-0.15784	-0.56091
4.194E-4	67	67	4489	1	30.42893	0	-0.52258	-0.3125
4.2E-4	67	67	4489	1	30.42893	0	-0.63892	-0.57178
4.206E-4	67	67	4489	1	30.8831	0	-0.45056	-0.77789
4.212E-4	67	67	4489	1	30.8831	0	-0.57825	-0.54828
4.218E-4	67	67	4489	1	30.42893	0	-0.19104	-0.33118
4.224E-4	67	67	4489	1	30.42893	0	-0.53174	-0.53973
4.23E-4	67	66	4422	0.98507	30.42893	0	-0.44312	-0.47479
4.236E-4	67	67	4489	1	30.42893	0	-0.59485	-0.70508
4.242E-4	67	66	4422	0.98507	30.42893	0	-0.65479	-0.6756
4.248E-4	68	66	4488	0.97059	30.42893	0	-0.53687	-0.4433
4.254E-4	67	66	4422	0.98507	30.42893	0	-0.38477	-0.56671
4.26E-4	67	67	4489	1	30.42893	0	-0.66113	-0.60852
4.266E-4	67	67	4489	1	30.8831	0	-0.48462	-0.66461
4.272E-4	67	66	4422	0.98507	30.42893	0	-0.43506	-0.8623
4.278E-4	67	67	4489	1	30.42893	0	-0.50317	-0.24237
4.284E-4	68	66	4488	0.97059	30.8831	0	-0.55261	-0.59161
4.29E-4	67	67	4489	1	30.42893	0	-0.74939	-0.33289
4.296E-4	67	67	4489	1	30.42893	0	-0.63843	-0.57324
4.302E-4	67	67	4489	1	30.42893	0	-0.3158	-0.06812
4.308E-4	67	67	4489	1	30.42893	0	-0.42236	-0.41156
4.314E-4	67	66	4422	0.98507	30.42893	0	-0.64575	-0.67456
4.32E-4	67	67	4489	1	30.42893	0	-0.45178	-0.53394
4.326E-4	67	67	4489	1	30.42893	0	-0.80933	-0.65271
4.332E-4	67	67	4489	1	30.8831	0	-0.8324	-0.29059
4.338E-4	67	66	4422	0.98507	30.42893	0	-0.4751	-0.34949
4.344E-4	68	66	4488	0.97059	30.8831	0	-0.52344	-0.38507
4.35E-4	67	66	4422	0.98507	30.8831	0	-0.52148	-0.92273
4.356E-4	67	66	4422	0.98507	30.8831	0	-0.5437	-0.40186
4.362E-4	67	66	4422	0.98507	30.8831	0	-0.6062	-0.37158
4.368E-4	67	66	4422	0.98507	30.8831	0	-0.54163	-0.10559
4.374E-4	67	67	4489	1	30.8831	0	-0.86291	-0.33276
4.38E-4	67	67	4489	1	30.8831	0	-0.74048	-0.31873
4.386E-4	68	67	4556	0.98529	30.8831	0	-0.40051	-0.52972
4.392E-4	67	66	4422	0.98507	30.8831	0	-0.68591	-0.64038
4.398E-4	67	67	4489	1	30.8831	0	-0.24139	-0.68909
4.404E-4	67	67	4489	1	30.42893	0	-0.69128	-0.90509
4.41E-4	67	66	4422	0.98507	30.8831	0	-0.61676	-0.59283
4.416E-4	67	66	4422	0.98507	30.8831	0	-0.41528	-0.52509
4.422E-4	67	66	4422	0.98507	30.8831	0	-0.38538	-0.15015
4.428E-4	67	66	4422	0.98507	30.8831	0	-0.29572	-0.77435
4.434E-4	67	66	4422	0.98507	30.42893	0	-0.66107	-0.42993
4.44E-4	67	66	4422	0.98507	30.42893	0	-0.43011	-0.64935
4.446E-4	67	66	4422	0.98507	30.8831	0	-0.65723	-0.88574
4.452E-4	66	67	4422	1.01515	30.42893	0	-0.40454	-0.46954
4.458E-4	67	66	4422	0.98507	30.42893	0	-0.33582	-0.10962
4.464E-4	66	66	4356	1	30.8831	0	-0.85071	-0.4906
4.47E-4	67	66	4422	0.98507	30.42893	0	-0.36426	-0.03583
4.476E-4	67	66	4422	0.98507	30.42893	0	-0.4762	-0.58026
4.482E-4	67	66	4422	0.98507	30.42893	0	-0.56256	-0.07013
4.488E-4	67	67	4489	1	30.42893	0	-0.43652	-0.18073
4.494E-4	67	66	4422	0.98507	30.42893	0	-0.42615	-0.35577
4.5E-4	67	66	4422	0.98507	30.42893	0	-0.48614	-0.41998
4.506E-4	67	66	4422	0.98507	30.42893	0	-0.82013	-0.42957
4.512E-4	66	66	4356	1	30.42893	0	-0.69293	-0.4964
4.518E-4	67	66	4422	0.98507	30.42893	0	-0.64209	-0.5
4.524E-4	66	67	4422	1.01515	30.42893	0	-0.42364	-0.35687
4.53E-4	67	67	4489	1	30.42893	0	-0.22821	-0.93219
4.536E-4	66	67	4422	1.01515	30.8831	0	-0.36664	-0.44653
4.542E-4	67	67	4489	1	30.8831	0	-0.5401	-0.02625
4.548E-4	66	66	4356	1	30.42893	0	-0.44702	-0.44702
4.554E-4	67	66	4422	0.98507	30.8831	0	-0.591	-0.59161
4.56E-4	67	66	4422	0.98507	30.42893	0	-0.52087	-0.03619
4.566E-4	66	67	4422	1.01515	30.42893	0	-0.22327	-0.44977
4.572E-4	67	67	4489	1	30.8831	0	-0.56281	-0.36926
4.578E-4	67	66	4422	0.98507	30.8831	0	-0.4469	-0.12274
4.584E-4	67	66	4422	0.98507	30.42893	0	-0.42487	-0.77893
4.59E-4	67	66	4422	0.98507	30.42893	0	-0.66132	-0.32922
4.596E-4	67	67	4489	1	30.42893	0	-0.40778	-0.78387
4.602E-4	66	67	4422	1.01515	30.42893	0	-0.33826	-0.41437
4.608E-4	67	66	4422	0.98507	30.42893	0	-0.71747	-0.84991
4.614E-4	66	66	4356	1	30.42893	0	-0.43494	-0.41187
4.62E-4	67	67	4489	1	30.42893	0	-0.18872	-0.21033
4.626E-4	67	66	4422	0.98507	30.42893	0	-0.14081	0.00763
4.632E-4	67	66	4422	0.98507	30.8831	0	-0.67639	-0.19165
4.638E-4	67	67	4489	1	30.42893	0	-0.49017	-0.4679
4.644E-4	67	66	4422	0.98507	30.42893	0	-0.56116	-0.3324
4.65E-4	67	67	4489	1	30.8831	0	-0.40045	-0.55396
4.656E-4	67	67	4489	1	30.42893	0	-0.63086	-0.69061
4.662E-4	67	66	4422	0.98507	30.42893	0	-0.2226	-0.39984
4.668E-4	67	67	4489	1	30.42893	0	-0.33502	-0.2038
4.674E-4	67	66	4422	0.98507	30.42893	0	-0.64392	-0.12744
4.68E-4	67	66	4422	0.98507	30.42893	0	-0.7038	-0.84558
4.686E-4	66	67	4422	1.01515	30.42893	0	-0.42456	-0.46869
4.692E-4	66	66	4356	1	30.42893	0	-0.47766	-0.53015
4.698E-4	67	66	4422	0.98507	30.8831	0	-0.58838	-0.44336
4.704E-4	66	66	4356	1	30.42893	0	-0.3158	-0.44073
4.71E-4	67	66	4422	0.98507	30.8831	0	-0.50537	-0.86908
4.716E-4	67	66	4422	0.98507	30.8831	0	-0.09119	-0.27435
4.722E-4	66	67	4422	1.01515	30.8831	0	-0.53955	-0.46661
4.728E-4	67	66	4422	0.98507	30.8831	0	-0.08484	-0.44373
4.734E-4	67	66	4422	0.98507	30.8831	0	-0.73315	-0.62177
4.74E-4	67	66	4422	0.98507	30.8831	0	-0.68018	-0.68481
4.746E-4	67	66	4422	0.98507	30.8831	0	-0.6084	-0.30115
4.752E-4	67	66	4422	0.98507	30.8831	0	-0.68213	-0.14191
4.758E-4	67	67	4489	1	30.8831	0	-0.21033	-0.72784
4.764E-4	67	66	4422	0.98507	30.8831	0	-0.67444	-0.17303
4.77E-4	67	66	4422	0.98507	30.42893	0	-0.59644	-0.24481
4.776E-4	67	66	4422	0.98507	30.8831	0	-0.81128	-0.33527
4.782E-4	67	66	4422	0.98507	30.8831	0	-0.83154	-0.4408
4.788E-4	67	66	4422	0.98507	30.8831	0	-0.32092	-0.19641
4.794E-4	66	66	4356	1	30.8831	0	-0.47803	-0.49194
4.8E-4	67	66	4422	0.98507	30.42893	0	-0.27673	-0.81232
4.806E-4	67	66	4422	0.98507	30.42893	0	-0.72095	-0.60687
4.812E-4	67	66	4422	0.98507	30.8831	0	-0.2334	-0.47638
4.818E-4	67	66	4422	0.98507	30.42893	0	-0.14539	-0.31091
4.824E-4	67	67	4489	1	30.42893	0	-0.55823	-0.66834
4.83E-4	67	67	4489	1	30.8831	0	-0.55432	-0.83197
4.836E-4	67	66	4422	0.98507	30.42893	0	-0.67566	-0.08612
4.842E-4	67	66	4422	0.98507	30.42893	0	-0.86145	-0.08789
4.848E-4	67	67	4489	1	30.42893	0	-0.45068	-0.77454
4.854E-4	67	66	4422	0.98507	30.42893	0	-0.52979	-0.45874
4.86E-4	66	66	4356	1	30.42893	0	-0.61682	-0.35223
4.866E-4	66	66	4356	1	30.42893	0	-0.30884	-0.36206
4.872E-4	67	67	4489	1	30.42893	0	-0.75806	-0.26971
4.878E-4	67	66	4422	0.98507	30.42893	0	-0.54004	-0.53864
4.884E-4	67	66	4422	0.98507	30.42893	0	-0.52917	-0.91534
4.89E-4	67	66	4422	0.98507	30.42893	0	-0.84583	-0.34668
4.896E-4	67	66	4422	0.98507	30.42893	0	-0.24731	-0.51764
4.902E-4	67	66	4422	0.98507	30.8831	0	-0.41992	-0.69489
4.908E-4	67	66	4422	0.98507	30.8831	0	-0.41394	-0.14294
4.914E-4	67	66	4422	0.98507	30.42893	0	-0.63354	-0.63586
4.92E-4	67	67	4489	1	30.8831	0	-0.53625	-0.71753
4.926E-4	67	66	4422	0.98507	30.42893	0	-0.60608	-0.81537
4.932E-4	66	66	4356	1	30.42893	0	-0.24011	-0.40479
4.938E-4	67	67	4489	1	30.8831	0	-0.37439	-0.57306
4.944E-4	67	66	4422	0.98507	30.8831	0	-0.75281	-0.46429
4.95E-4	66	66	4356	1	30.42893	0	-0.73608	-0.46808
4.956E-4	66	67	4422	1.01515	30.42893	0	-0.29858	-0.44324
4.962E-4	67	66	4422	0.98507	30.42893	0	-0.44031	-0.34918
4.968E-4	67	67	4489	1	30.42893	0	-0.45569	-0.396
4.974E-4	66	66	4356	1	30.42893	0	-0.33569	-0.48102
4.98E-4	66	66	4356	1	30.42893	0	-0.67859	-0.54779
4.986E-4	67	66	4422	0.98507	30.42893	0	-0.45789	-0.56586
4.992E-4	67	67	4489	1	30.42893	0	-0.38379	-0.6557
4.998E-4	67	67	4489	1	30.8831	0	-0.46301	-0.09717
5.004E-4	67	66	4422	0.98507	30.42893	0	-0.84436	-0.34937
5.01E-4	67	66	4422	0.98507	30.42893	0	-0.40686	-0.34534
5.016E-4	66	66	4356	1	30.8831	0	-0.07117	-0.61188
5.022E-4	67	67	4489	1	30.42893	0	-0.51758	-0.38409
5.028E-4	66	67	4422	1.01515	30.42893	0	-0.46899	-0.54218
5.034E-4	67	66	4422	0.98507	30.42893	0	-0.60962	-0.74359
5.04E-4	67	67	4489	1	30.42893	0	-0.54761	-0.2088
5.046E-4	66	66	4356	1	30.42893	0	-0.22778	-0.37244
5.052E-4	66	66	4356	1	30.42893	0	-0.40515	-0.40948
5.058E-4	66	66	4356	1	30.42893	0	-0.10852	-0.3349
5.064E-4	66	66	4356	1	30.8831	0	-0.33997	-0.23651
5.07E-4	66	66	4356	1	30.42893	0	-0.58533	-0.3739
5.076E-4	67	67	4489	1	30.8831	0	-0.25244	-0.65912
5.082E-4	67	67	4489	1	30.8831	0	-0.39819	-0.28442
5.088E-4	67	67	4489	1	30.8831	0	-0.25293	-0.35217
5.094E-4	67	66	4422	0.98507	30.8831	0	-0.7522	-0.56952
5.1E-4	67	66	4422	0.98507	30.8831	0	-0.69489	-0.57349
5.106E-4	67	65	4355	0.97015	30.8831	0	-0.37103	-0.19861
5.112E-4	66	66	4356	1	30.8831	0	-0.04358	-0.50208
5.118E-4	67	67	4489	1	30.8831	0	-0.53418	-0.79907
5.124E-4	67	67	4489	1	30.8831	0	-0.20166	-0.41986
5.13E-4	67	66	4422	0.98507	30.8831	0	-0.38177	-0.46442
5.136E-4	67	67	4489	1	30.42893	0	-0.43652	-0.59772
5.142E-4	66	66	4356	1	30.8831	0	-0.23926	-0.35065
5.148E-4	67	67	4489	1	30.8831	0	-0.52179	-0.77802
5.154E-4	67	66	4422	0.98507	30.8831	0	-0.92621	-0.49536
5.16E-4	67	67	4489	1	30.8831	0	-0.38898	-0.44147
5.166E-4	66	66	4356	1	30.42893	0	-0.59332	-0.51514
5.172E-4	66	67	4422	1.01515	30.42893	0	-0.61438	-0.41711
5.178E-4	67	66	4422	0.98507	30.8831	0	-0.63556	-0.50519
5.184E-4	66	67	4422	1.01515	30.42893	0	-0.58234	-0.53406
5.19E-4	67	66	4422	0.98507	30.42893	0	-0.74164	-0.3446
5.196E-4	66	67	4422	1.01515	30.8831	0	-0.64746	-0.57086
5.202E-4	66	66	4356	1	30.42893	0	-0.60083	-0.46661
5.208E-4	67	66	4422	0.98507	30.42893	0	-0.20496	-0.33246
5.214E-4	67	66	4422	0.98507	30.42893	0	-0.66406	-0.36664
5.22E-4	66	67	4422	1.01515	30.42893	0	-0.15491	-0.57239
5.226E-4	66	67	4422	1.01515	30.42893	0	-0.42767	-0.56854
5.232E-4	67	66	4422	0.98507	30.42893	0	-0.52472	-0.8783
5.238E-4	66	67	4422	1.01515	30.42893	0	-0.6308	-0.35761
5.244E-4	66	66	4356	1	30.42893	0	-0.73547	-0.66553
5.25E-4	66	66	4356	1	30.42893	0	-0.23975	-0.51209
5.256E-4	66	66	4356	1	30.42893	0	-0.59735	-0.60956
5.262E-4	67	67	4489	1	30.42893	0	-0.55945	-0.46344
5.268E-4	66	66	4356	1	30.8831	0	-0.33044	-0.63599
5.274E-4	66	67	4422	1.01515	30.8831	0	-0.56543	-0.41162
5.28E-4	67	66	4422	0.98507	30.42893	0	-0.89465	-0.67181
5.286E-4	67	66	4422	0.98507	30.8831	0	-0.48566	-0.58466
5.292E-4	67	66	4422	0.98507	30.42893	0	-0.27716	-0.45569
5.298E-4	67	66	4422	0.98507	30.42893	0	-0.8623	-0.2569
5.304E-4	67	66	4422	0.98507	30.8831	0	-0.84393	-0.26508
5.31E-4	67	66	4422	0.98507	30.8831	0	-0.31598	-0.552
5.316E-4	67	66	4422	0.98507	30.42893	0	-0.20404	-0.17859
5.322E-4	67	66	4422	0.98507	30.42893	0	-0.44031	-0.62982
5.328E-4	67	66	4422	0.98507	30.42893	0	-0.76929	-0.34406
5.334E-4	66	66	4356	1	30.42893	0	-0.6004	-0.31732
5.34E-4	67	66	4422	0.98507	30.42893	0	-0.27429	-0.35516
5.346E-4	67	66	4422	0.98507	30.42893	0	-0.43005	-0.30041
5.352E-4	67	66	4422	0.98507	30.42893	0	-0.3244	-0.789
5.358E-4	66	66	4356	1	30.42893	0	-0.78229	-0.40747
5.364E-4	67	66	4422	0.98507	30.8831	0	-0.13312	-0.43811
5.37E-4	66	66	4356	1	30.42893	0	-0.33545	-0.49329
5.376E-4	66	66	4356	1	30.42893	0	-0.10321	-0.62787
5.382E-4	67	66	4422	0.98507	30.8831	0	-0.60687	-0.18713
5.388E-4	66	66	4356	1	30.42893	0	-0.53009	-0.64178
5.394E-4	67	66	4422	0.98507	30.42893	0	-0.91235	-0.43616
5.4E-4	66	66	4356	1	30.42893	0	-0.29334	-0.67261
5.406E-4	66	66	4356	1	30.42893	0	-0.26477	-0.48907
5.412E-4	66	66	4356	1	30.42893	0	-0.54797	-0.4165
5.418E-4	67	66	4422	0.98507	30.42893	0	-0.14612	-0.44348
5.424E-4	66	67	4422	1.01515	30.42893	0	-0.53339	-0.48492
5.43E-4	67	66	4422	0.98507	30.8831	0	-0.65601	-0.78174
5.436E-4	67	66	4422	0.98507	30.42893	0	-0.70734	-0.46979
5.442E-4	66	66	4356	1	30.8831	0	-0.05548	-0.41858
5.448E-4	66	66	4356	1	30.8831	0	-0.50085	-0.64252
5.454E-4	67	66	4422	0.98507	30.8831	0	-0.51746	-0.65106
5.46E-4	66	66	4356	1	30.8831	0	-0.44006	-0.4325
5.466E-4	67	66	4422	0.98507	30.8831	0	-0.47705	-0.74854
5.472E-4	66	66	4356	1	30.8831	0	-0.58124	-0.56671
5.478E-4	67	66	4422	0.98507	30.8831	0	-0.70032	-0.3183
5.484E-4	66	66	4356	1	30.8831	0	-0.6026	-0.48193
5.49E-4	66	66	4356	1	30.8831	0	-0.13116	-0.427
5.496E-4	66	65	4290	0.98485	30.8831	0	-0.51666	-0.65875
5.502E-4	67	66	4422	0.98507	30.42893	0	-0.03027	-0.22113
5.508E-4	67	66	4422	0.98507	30.8831	0	-0.56146	-0.78149
5.514E-4	66	66	4356	1	30.8831	0	-0.12512	-0.6048
5.52E-4	66	66	4356	1	30.8831	0	-0.32117	-0.56732
5.526E-4	67	66	4422	0.98507	30.8831	0	-0.19531	-0.62347
5.532E-4	67	66	4422	0.98507	30.42893	0	-0.56049	-0.24878
5.538E-4	66	66	4356	1	30.42893	0	-0.11566	-0.68152
5.544E-4	67	66	4422	0.98507	30.8831	0	-0.17242	-0.62274
5.55E-4	66	66	4356	1	30.42893	0	-0.50012	-0.41675
5.556E-4	67	66	4422	0.98507	30.42893	0	-0.69354	-0.23883
5.562E-4	67	66	4422	0.98507	30.8831	0	-0.45935	-0.74652
5.568E-4	66	65	4290	0.98485	30.42893	0	-0.51056	-0.54462
5.574E-4	67	66	4422	0.98507	30.42893	0	-0.53705	-0.47638
5.58E-4	66	66	4356	1	30.42893	0	-0.33197	-0.27472
5.586E-4	67	66	4422	0.98507	30.42893	0	-0.30542	-0.55463
5.592E-4	67	66	4422	0.98507	30.42893	0	-0.03766	-0.44073
5.598E-4	67	66	4422	0.98507	30.42893	0	-0.37506	-0.75275
5.604E-4	66	66	4356	1	30.42893	0	-0.16174	-0.45721
5.61E-4	66	66	4356	1	30.42893	0	-0.49133	-0.48199
5.616E-4	67	66	4422	0.98507	30.42893	0	-0.63312	-0.52362
5.622E-4	66	66	4356	1	30.42893	0	-0.80676	-0.37097
5.628E-4	66	66	4356	1	30.42893	0	-0.51508	-0.44049
5.634E-4	67	66	4422	0.98507	30.8831	0	-0.35992	-0.31036
5.64E-4	66	65	4290	0.98485	30.8831	0	-0.55554	-0.60925
5.646E-4	66	66	4356	1	30.42893	0	-0.70007	-0.41681
5.652E-4	67	66	4422	0.98507	30.8831	0	-0.39142	-0.38763
5.658E-4	67	65	4355	0.97015	30.42893	0	-0.36658	-0.51849
5.664E-4	67	66	4422	0.98507	30.42893	0	-0.58527	-0.66376
5.67E-4	66	65	4290	0.98485	30.8831	0	-0.42914	-0.45782
5.676E-4	67	66	4422	0.98507	30.8831	0	-0.1897	-0.53381
5.682E-4	67	65	4355	0.97015	30.42893	0	-0.28577	-0.58319
5.688E-4	67	66	4422	0.98507	30.42893	0	-0.07422	-0.4043
5.694E-4	66	65	4290	0.98485	30.42893	0	-0.37885	-0.11407
5.7E-4	67	66	4422	0.98507	30.42893	0	-0.47046	-0.53442
5.706E-4	67	66	4422	0.98507	30.42893	0	-0.33203	-0.61902
5.712E-4	66	66	4356	1	30.42893	0	-0.46222	-0.45398
5.718E-4	66	66	4356	1	30.42893	0	-0.64056	-0.4953
5.724E-4	66	66	4356	1	30.8831	0	-0.63867	-0.39056
5.73E-4	66	66	4356	1	30.42893	0	-0.41254	-0.74786
5.736E-4	67	66	4422	0.98507	30.42893	0	-0.33521	-0.61114
5.742E-4	66	66	4356	1	30.8831	0	-0.27551	-0.24188
5.748E-4	66	65	4290	0.98485	30.42893	0	-0.3678	-0.40308
5.754E-4	67	66	4422	0.98507	30.42893	0	-0.59497	-0.49469
5.76E-4	66	66	4356	1	30.42893	0	-0.51538	-0.87
5.766E-4	67	66	4422	0.98507	30.42893	0	-0.56989	-0.47021
5.772E-4	66	65	4290	0.98485	30.42893	0	-0.46118	-0.61871
5.778E-4	66	65	4290	0.98485	30.42893	0	-0.14825	-0.37524
5.784E-4	66	65	4290	0.98485	30.42893	0	-0.38257	-0.20569
5.79E-4	66	66	4356	1	30.8831	0	-0.43939	-0.40161
5.796E-4	66	65	4290	0.98485	30.42893	0	-0.1441	-0.37354
5.802E-4	66	65	4290	0.98485	30.8831	0	-0.74249	-0.54071
5.808E-4	66	65	4290	0.98485	30.8831	0	-0.00494	-0.30261
5.814E-4	66	65	4290	0.98485	30.8831	0	-0.8988	-0.14807
5.82E-4	66	65	4290	0.98485	30.8831	0	-0.57983	-0.60541
5.826E-4	66	65	4290	0.98485	30.8831	0	-0.2926	-0.38348
5.832E-4	65	65	4225	1	30.8831	0	-0.71277	-0.29926
5.838E-4	65	64	4160	0.98462	30.8831	0	-0.23175	-0.22168
5.844E-4	65	65	4225	1	30.8831	0	-0.3927	-0.41504
5.85E-4	65	64	4160	0.98462	30.8831	0	-0.49133	-0.53094
5.856E-4	66	65	4290	0.98485	30.8831	0	-0.14734	-0.54266
5.862E-4	65	65	4225	1	30.42893	0	-0.09869	-0.50885
5.868E-4	65	64	4160	0.98462	30.8831	0	-0.47754	-0.23785
5.874E-4	65	65	4225	1	30.8831	0	-0.44293	-0.48871
5.88E-4	65	65	4225	1	30.8831	0	-0.53143	-0.41846
5.886E-4	65	65	4225	1	30.8831	0	-0.37268	-0.34595
5.892E-4	65	64	4160	0.98462	30.42893	0	-0.10107	-0.68805
5.898E-4	65	65	4225	1	30.42893	0	-0.51257	-0.33289
5.904E-4	65	65	4225	1	30.8831	0	-0.53687	-1.03595
5.91E-4	65	64	4160	0.98462	30.42893	0	-0.36316	-0.45526
5.916E-4	65	65	4225	1	30.42893	0	-0.64673	-0.38385
5.922E-4	66	64	4224	0.9697	30.8831	0	-0.58618	-0.82947
5.928E-4	65	65	4225	1	30.42893	0	-0.51202	-0.58911
5.934E-4	66	65	4290	0.98485	30.42893	0	-0.4892	-0.45862
5.94E-4	66	64	4224	0.9697	30.42893	0	-0.35138	-0.32959
5.946E-4	66	65	4290	0.98485	30.42893	0	-0.76221	-0.41895
5.952E-4	66	65	4290	0.98485	30.42893	0	-0.43011	-0.57062
5.958E-4	65	65	4225	1	30.42893	0	-0.5271	-0.49487
5.964E-4	65	65	4225	1	30.42893	0	-0.3075	-0.599
5.97E-4	65	65	4225	1	30.42893	0	-0.55951	-0.69604
5.976E-4	65	65	4225	1	30.42893	0	-0.59613	-0.08978
5.982E-4	66	65	4290	0.98485	30.42893	0	-0.48096	-0.21448
5.988E-4	65	65	4225	1	30.42893	0	-0.6059	-0.2724
5.994E-4	66	65	4290	0.98485	30.8831	0	-0.14764	-0.49695
6E-4	66	64	4224	0.9697	30.8831	0	-0.50867	-0.33087
6.006E-4	66	64	4224	0.9697	30.42893	0	-0.53113	-0.32776
6.012E-4	65	65	4225	1	30.8831	0	-0.08881	-0.58148
6.018E-4	65	64	4160	0.98462	30.42893	0	-0.4881	-0.56165
6.024E-4	65	65	4225	1	30.42893	0	-0.32715	0.06879
6.03E-4	65	64	4160	0.98462	30.8831	0	-0.21564	0.06317
6.036E-4	65	65	4225	1	30.8831	0	-0.60168	-0.2655
6.042E-4	66	65	4290	0.98485	30.42893	0	-0.36261	-0.59937
6.048E-4	65	65	4225	1	30.42893	0	-0.45673	-0.16809
6.054E-4	67	66	4422	0.98507	30.42893	0	-0.69	-0.29279
6.06E-4	67	66	4422	0.98507	30.42893	0	-0.45422	-0.802
6.066E-4	67	66	4422	0.98507	30.42893	0	-0.13098	-0.16608
6.072E-4	66	66	4356	1	30.42893	0	-0.69012	-0.58582
6.078E-4	66	66	4356	1	30.42893	0	-0.44513	-0.40497
6.084E-4	67	66	4422	0.98507	30.42893	0	-0.54004	-0.68372
6.09E-4	67	66	4422	0.98507	30.8831	0	-0.16748	-0.49591
6.096E-4	67	66	4422	0.98507	30.42893	0	-0.22955	-0.28278
6.102E-4	66	66	4356	1	30.42893	0	-0.40991	-0.59418
6.108E-4	67	66	4422	0.98507	30.8831	0	-0.38269	-0.46118
6.114E-4	67	66	4422	0.98507	30.42893	0	-0.815	-0.33087
6.12E-4	67	65	4355	0.97015	30.42893	0	-0.40564	-0.42505
6.126E-4	66	66	4356	1	30.42893	0	-0.21362	-0.62476
6.132E-4	67	66	4422	0.98507	30.42893	0	-0.09216	-0.76538
6.138E-4	66	66	4356	1	30.42893	0	-0.81256	-0.3396
6.144E-4	66	66	4356	1	30.42893	0	-0.55841	-0.22095
6.15E-4	67	66	4422	0.98507	30.42893	0	-0.2467	-0.69788
6.156E-4	66	65	4290	0.98485	30.8831	0	-0.58685	-0.38702
6.162E-4	66	66	4356	1	30.42893	0	-0.39258	-0.40137
6.168E-4	66	66	4356	1	30.8831	0	-0.50848	-0.59937
6.174E-4	66	66	4356	1	30.8831	0	-0.31622	-0.16223
6.18E-4	66	65	4290	0.98485	30.8831	0	-0.54346	-0.26434
6.186E-4	67	66	4422	0.98507	30.8831	0	-0.71948	-0.38245
6.192E-4	66	66	4356	1	30.8831	0	-0.27789	-0.53345
6.198E-4	67	66	4422	0.98507	30.8831	0	-0.80225	-0.6698
6.204E-4	67	66	4422	0.98507	30.8831	0	-0.52509	-0.37726