	Frequency	Amplituded
0	7759.45683802134	0.9339619256401043
1	7850.721720750821	0.9346173160327305
2	7941.986603480301	0.9352777775557284
3	8033.251486209781	0.9359433624562036
4	8124.516368939261	0.9366141236531618
5	8215.78125166874	0.9372901147478623
6	8307.046134398222	0.9379713900343563
7	8398.311017127702	0.9386580045102149
8	8489.575899857182	0.9393500138874511
9	8580.840782586662	0.9400474746036385
10	8672.105665316143	0.940750443833232
11	8763.370548045623	0.9414589794990947
12	8854.635430775103	0.9421731402842329
13	8945.900313504582	0.9428929856437481
14	9037.165196234064	0.9436185758170056
15	9128.430078963544	0.9443499718400277
16	9219.694961693023	0.9450872355581137
17	9310.959844422505	0.945830429638695
18	9402.224727151985	0.946579617584425
19	9493.489609881464	0.947334863746514
20	9584.754492610944	0.9480962333383111
21	9676.019375340426	0.9488637924491388
22	9767.284258069905	0.9496376080583873
23	9858.549140799385	0.9504177480498714
24	9949.814023528867	0.9512042812264585
25	10041.078906258346	0.9519972773249706
26	10132.343788987826	0.9527968070313685
27	10223.608671717306	0.9536029419962236
28	10314.873554446787	0.9544157548504825
29	10406.138437176267	0.9552353192215319
30	10497.403319905747	0.9560617097495703
31	10588.668202635228	0.9568950021042926
32	10679.933085364708	0.9577352730018939
33	10771.197968094188	0.9585826002224022
34	10862.462850823667	0.9594370626273425
35	10953.727733553147	0.960298740177745
36	11044.992616282629	0.9611677139525001
37	11136.257499012108	0.9620440661670718
38	11227.52238174159	0.9629278801925748
39	11318.78726447107	0.9638192405752241
40	11410.05214720055	0.9647182330561658
41	11501.31702993003	0.9656249445916987
42	11592.581912659509	0.9665394633738914
43	11683.84679538899	0.967461878851609
44	11775.11167811847	0.9683922817519546
45	11866.376560847952	0.9693307641021378
46	11957.641443577431	0.9702774192517772
47	12048.906326306911	0.9712323418956489
48	12140.17120903639	0.9721956280968904
49	12231.43609176587	0.9731673753106695
50	12322.70097449535	0.9741476824083308
51	12413.965857224832	0.9751366497020282
52	12505.230739954312	0.9761343789698566
53	12596.495622683793	0.9771409734814933
54	12687.760505413273	0.9781565380243625
55	12779.025388142752	0.9791811789303309
56	12870.290270872232	0.9802150041029527
57	12961.555153601712	0.9812581230452715
58	13052.820036331193	0.9823106468881951
59	13144.084919060673	0.9833726884194564
60	13235.349801790155	0.9844443621131719
61	13326.614684519634	0.9855257841600157
62	13417.879567249114	0.9866170724980196
63	13509.144449978594	0.9877183468440174
64	13600.409332708074	0.9888297287257461
65	13691.674215437555	0.9899513415146219
66	13782.939098167035	0.9910833104592052
67	13874.203980896516	0.9922257627193725
68	13965.468863625996	0.9933788274012113
69	14056.733746355476	0.9945426355926568
70	14147.998629084956	0.9957173203998858
71	14239.263511814435	0.9969030169844888
72	14330.528394543915	0.9980998626014378
73	14421.793277273397	0.9993079966378696
74	14513.058160002876	1.0005275606527042
75	14604.323042732358	1.0017586984171198
76	14695.587925461838	1.0030015559559031
77	14786.852808191317	1.0042562815897003
78	14878.117690920797	1.0055230259781864
79	14969.382573650277	1.0068019421641812
80	15060.647456379758	1.008093185618728
81	15151.912339109238	1.0093969142871686
82	15243.17722183872	1.0107132886362296
83	15334.4421045682	1.0120424717021528
84	15425.706987297679	1.013384629139894
85	15516.971870027159	1.0147399292734134
86	15608.236752756638	1.0161085431470906
87	15699.50163548612	1.0174906445782907
88	15790.7665182156	1.0188864102111093
89	15882.031400945081	1.020296019571328
90	15973.296283674561	1.021719655122612
91	16064.56116640404	1.0231575023239805
92	16155.82604913352	1.0246097496885826
93	16247.090931863	1.0260765888438144
94	16338.355814592482	1.0275582145928082
95	16429.62069732196	1.029054824977334
96	16520.885580051443	1.0305666213421487
97	16612.150462780923	1.032093808400827
98	16703.415345510402	1.0336365943031194
99	16794.680228239882	1.0351951907038717
100	16885.945110969362	1.0367698128335519
101	16977.209993698845	1.0383606795704234
102	17068.47487642832	1.0399680135144105
103	17159.739759157805	1.0415920410626993
104	17251.00464188728	1.0432329924871233
105	17342.269524616764	1.0448911020133784
106	17433.534407346244	1.0465666079021188
107	17524.799290075724	1.0482597525319826
108	17616.064172805207	1.0499707824846019
109	17707.329055534683	1.0516999486316474
110	17798.593938264166	1.0534475062239688
111	17889.858820993642	1.0552137149828795
112	17981.123703723126	1.0569988391936547
113	18072.388586452606	1.0588031478012947
114	18163.653469182085	1.0606269145086211
115	18254.918351911565	1.0624704178767697
116	18346.183234641045	1.0643339414281434
117	18437.448117370528	1.0662177737518994
118	18528.713000100004	1.0681222086120334
119	18619.977882829487	1.0700475450581435
120	18711.242765558967	1.0719940875389384
121	18802.507648288447	1.0739621460185775
122	18893.772531017927	1.075952036095913
123	18985.037413747406	1.0779640791267258
124	19076.30229647689	1.079998602349033
125	19167.567179206366	1.0820559390115587
126	19258.83206193585	1.0841364285054567
127	19350.09694466533	1.0862404164993804
128	19441.36182739481	1.088368255077995
129	19532.62671012429	1.090520302884031
130	19623.891592853768	1.0926969252639833
131	19715.15647558325	1.0948984944175622
132	19806.421358312728	1.0971253895510018
133	19897.68624104221	1.0993779970343458
134	19988.95112377169	1.1016567105628212
135	20080.21600650117	1.103961931322423
136	20171.48088923065	1.106294068159835
137	20262.74577196013	1.108653537756815
138	20354.010654689613	1.1110407648091762
139	20445.27553741909	1.1134561822105038
140	20536.540420148573	1.1159002312407464
141	20627.805302878052	1.1183733617598333
142	20719.070185607532	1.120876032406462
143	20810.33506833701	1.123408710802221
144	20901.59995106649	1.1259718737612034
145	20992.864833795975	1.1285660075052797
146	21084.12971652545	1.1311916078852073
147	21175.394599254934	1.1338491806077509
148	21266.65948198441	1.1365392414689979
149	21357.924364713894	1.1392623165940685
150	21449.189247443373	1.142018942683405
151	21540.454130172853	1.1448096672658608
152	21631.719012902337	1.147635048958786
153	21722.983895631813	1.1504956577353402
154	21814.248778361296	1.1533920751992535
155	21905.513661090772	1.1563248948672697
156	21996.778543820255	1.1592947224595225
157	22088.043426549735	1.1623021761980827
158	22179.308309279215	1.1653478871139524
159	22270.573192008695	1.1684324993627615
160	22361.838074738174	1.1715566705494567
161	22453.102957467658	1.174721072062265
162	22544.367840197134	1.1779263894162344
163	22635.632722926617	1.1811733226066619
164	22726.897605656097	1.184462586472726
165	22818.162488385577	1.1877949110716648
166	22909.427371115056	1.191171042063834
167	23000.692253844536	1.1945917411090117
168	23091.95713657402	1.198057786274314
169	23183.222019303495	1.201569972454108
170	23274.48690203298	1.2051291118023206
171	23365.75178476246	1.208736034177551
172	23457.01666749194	1.2123915876014233
173	23548.281550221418	1.2160966387306134
174	23639.546432950898	1.2198520733430145
175	23730.81131568038	1.2236587968385213
176	23822.076198409857	1.2275177347549195
177	23913.34108113934	1.2314298332994034
178	24004.60596386882	1.2353960598962452
179	24095.8708465983	1.2394174037511774
180	24187.135729327783	1.2434948764330531
181	24278.40061205726	1.2476295124733863
182	24369.665494786743	1.2518223699843882
183	24460.93037751622	1.2560745312961354
184	24552.195260245702	1.2603871036135483
185	24643.46014297518	1.2647612196938545
186	24734.72502570466	1.2691980385452717
187	24825.989908434145	1.2736987461476434
188	24917.25479116362	1.2782645561958081
189	25008.519673893104	1.2828967108665077
190	25099.78455662258	1.287596481609663
191	25191.049439352064	1.292365169964896
192	25282.31432208154	1.2972041084041914
193	25373.579204811023	1.3021146612016443
194	25464.844087540507	1.3070982253312584
195	25556.108970269983	1.3121562313938187
196	25647.373852999466	1.317290144573886
197	25738.638735728942	1.322501465628009
198	25829.903618458426	1.3277917319052936
199	25921.1685011879	1.3331625184015152
200	26012.433383917385	1.3386154388480038
201	26103.69826664686	1.34415214683658
202	26194.963149376345	1.3497743369818864
203	26286.228032105828	1.3554837461224811
204	26377.492914835304	1.3612821545621556
205	26468.757797564787	1.3671713873529683
206	26560.022680294263	1.3731533156215523
207	26651.287563023747	1.3792298579403317
208	26742.552445753223	1.3854029817453317
209	26833.817328482706	1.3916747048023494
210	26925.08221121219	1.3980470967233085
211	27016.347093941666	1.4045222805347195
212	27107.61197667115	1.4111024343002252
213	27198.876859400625	1.4177897927993
214	27290.14174213011	1.4245866492642625
215	27381.406624859585	1.4314953571778393
216	27472.671507589068	1.43851833213363
217	27563.93639031855	1.4456580537618864
218	27655.201273048027	1.4529170677231658
219	27746.46615577751	1.460297987772485
220	27837.731038506987	1.4678034978967291
221	27928.99592123647	1.4754363545281886
222	28020.260803965946	1.4831993888372024
223	28111.52568669543	1.491095509107033
224	28202.790569424913	1.4991277031942016
225	28294.05545215439	1.5072990410776712
226	28385.320334883872	1.5156126775004064
227	28476.58521761335	1.5240718547069592
228	28567.850100342832	1.5326799052809283
229	28659.114983072308	1.5414402550862603
230	28750.37986580179	1.550356426316557
231	28841.644748531275	1.5594320406567068
232	28932.90963126075	1.5686708225613604
233	29024.174513990234	1.5780766026549462
234	29115.43939671971	1.5876533212581188
235	29206.704279449194	1.5974050320457538
236	29297.96916217867	1.6073359058417946
237	29389.234044908153	1.6174502345565074
238	29480.498927637636	1.6277524352718928
239	29571.763810367112	1.6382470544812922
240	29663.028693096596	1.648938772489436
241	29754.293575826072	1.659832407979457
242	29845.558458555555	1.6709329227536736
243	29936.82334128503	1.682245426655193
244	30028.088224014515	1.6937751826777314
245	30119.35310674399	1.7055276122712715
246	30210.617989473474	1.7175083008515772
247	30301.882872202958	1.7297230035218227
248	30393.147754932434	1.742177651014995
249	30484.412637661917	1.7548783558660341
250	30575.677520391393	1.7678314188230237
251	30666.942403120876	1.7810433355071602
252	30758.207285850352	1.7945208033315285
253	30849.472168579836	1.8082707286891808
254	30940.73705130932	1.8223002344213288
255	31032.001934038795	1.8366166675769389
256	31123.26681676828	1.851227607475389
257	31214.531699497755	1.8661408740842604
258	31305.796582227238	1.8813645367248222
259	31397.061464956714	1.8969069231181248
260	31488.326347686198	1.9127766287851313
261	31579.59123041568	1.9289825268146854
262	31670.856113145157	1.945533778013629
263	31762.12099587464	1.962439841453771
264	31853.385878604116	1.9797104854308463
265	31944.6507613336	1.997355798851089
266	32035.915644063076	2.0153862030613734
267	32127.18052679256	2.0338124641393747
268	32218.445409522043	2.0526457056604843
269	32309.71029225152	2.071897421958672
270	32400.975174981002	2.0915794918987345
271	32492.240057710478	2.1117041931776805
272	32583.50494043996	2.1322842171732743
273	32674.769823169438	2.153332684357873
274	32766.03470589892	2.17486316029588
275	32857.299588628404	2.1968896722431164
276	32948.56447135788	2.2194267263663843
277	33039.829354087364	2.2424893256013316
278	33131.09423681684	2.2660929881663954
279	33222.35911954632	2.2902537667502383
280	33313.6240022758	2.3149882683893903
281	33404.88888500528	2.3403136750521236
282	33496.153767734766	2.3662477649434415
283	33587.41865046424	2.3928089345449144
284	33678.683533193725	2.42001622140146
285	33769.9484159232	2.4478893276652762
286	33861.213298652685	2.4764486444049596
287	33952.47818138216	2.5057152766850166
288	34043.743064111644	2.535711069417996
289	34135.00794684113	2.5664586339875815
290	34226.272829570604	2.597981375636828
291	34317.53771230009	2.630303521610645
292	34408.80259502956	2.6634501500358185
293	34500.06747775905	2.6974472195153436
294	34591.33236048852	2.7323215994060166
295	34682.597243218006	2.768101100739697
296	34773.86212594748	2.804814507738476
297	34865.127008676965	2.842491609862809
298	34956.39189140645	2.8811632343185822
299	35047.656774135925	2.9208612789345842
300	35138.92165686541	2.9616187453051763
301	35230.186539594884	3.0034697720741796
302	35321.45142232437	3.0464496682149944
303	35412.716305053844	3.0905949461379008
304	35503.98118778333	3.1359433544289326
305	35595.24607051281	3.1825339099943664
306	35686.51095324229	3.230406929351277
307	35777.77583597177	3.2796040587667
308	35869.040718701246	3.3301683029056024
309	35960.30560143073	3.382144051600773
310	36051.570484160206	3.435577104304903
311	36142.83536688969	3.490514691726701
312	36234.10024961917	3.5470054940875073
313	36325.36513234865	3.6050996553628343
314	36416.63001507813	3.664848792792985
315	36507.89489780761	3.7263060008584565
316	36599.15978053709	3.789525848818264
317	36690.42466326657	3.8545643708015955
318	36781.68954599605	3.9214790473253736
319	36872.954428725534	3.9903287769806237
320	36964.21931145501	4.061173836889455
321	37055.48419418449	4.134075830380288
322	37146.74907691397	4.2090976201617885
323	37238.01395964345	4.286303245095341
324	37329.27884237293	4.365757818470903
325	37420.54372510241	4.447527405482658
326	37511.808607831896	4.5316788773780665
327	37603.07349056137	4.618279739518519
328	37694.338373290855	4.707397930341663
329	37785.60325602033	4.7991015879570496
330	37876.868138749815	4.893458780840162
331	37968.13302147929	4.9905371988177265
332	38059.397904208774	5.09040380026486
333	38150.66278693826	5.193124411166002
334	38241.92766966773	5.298763271435232
335	38333.19255239722	5.407382523654727
336	38424.45743512669	5.5190416391841675
337	38515.722317856176	5.633796776431883
338	38606.98720058565	5.75170006597492
339	38698.252083315136	5.872798817190038
340	38789.51696604461	5.997134641130378
341	38880.781848774095	6.1247424845806355
342	38972.04673150358	6.255649570572935
343	39063.311614233055	6.389874241181473
344	39154.57649696254	6.527424699169788
345	39245.841379692014	6.668297646081772
346	39337.1062624215	6.812476815688136
347	39428.37114515097	6.959931403367973
348	39519.63602788046	7.1106143940679845
349	39610.90091060994	7.264460793982269
350	39702.165793339416	7.421385774077818
351	39793.4306760689	7.581282737088557
352	39884.695558798376	7.7440213236409985
353	39975.96044152786	7.909445377768855
354	40067.225324257335	8.077370897212203
355	40158.49020698682	8.24758399954672
356	40249.7550897163	8.419838941279773
357	40341.01997244578	8.59385623347789
358	40432.28485517526	8.769320904097151
359	40523.54973790474	8.945880963767431
360	40614.81462063422	9.123146138066295
361	40706.0795033637	9.30068693497874
362	40797.34438609318	9.47803412088879
363	40888.609268822656	9.65467868164087
364	40979.87415155214	9.83007234645875
365	41071.139034281616	10.003628751300424
366	41162.4039170111	10.174725314049901
367	41253.66879974058	10.342705886319694
368	41344.93368247006	10.506884235163287
369	41436.19856519954	10.66654839239535
370	41527.46344792902	10.82096588939037
371	41618.7283306585	10.969389871303523
372	41709.99321338798	11.111066057028243
373	41801.25809611746	11.245240480579165
374	41892.522978846944	11.37116791698798
375	41983.78786157642	11.488120862560997
376	42075.0527443059	11.595398907073484
377	42166.31762703538	11.692338305974095
378	42257.58250976486	11.778321535841553
379	42348.84739249434	11.852786598039549
380	42440.11227522382	11.915235825434374
381	42531.377157953306	11.965243946510695
382	42622.64204068278	12.002465171100434
383	42713.906923412265	12.026639082479148
384	42805.17180614174	12.037595151362103
385	42896.436688871225	12.035255727231773
386	42987.7015716007	12.019637409684236
387	43078.966454330184	11.990850754786939
388	43170.23133705967	11.949098326105938
389	43261.496219789144	11.894671154218397
390	43352.76110251863	11.827943719346212
391	43444.0259852481	11.749367616653526
392	43535.29086797759	11.659464100611697
393	43626.55575070706	11.558815732104645
394	43717.820633436546	11.448057368750117
395	43809.08551616603	11.327866745069892
396	43900.350398895505	11.198954885127886
397	43991.61528162499	11.062056577111562
398	44082.880164354465	10.917921118533343
399	44174.14504708395	10.767303514037273
400	44265.409929813424	10.610956277105812
401	44356.67481254291	10.449621954150633
402	44447.939695272384	10.284026456286906
403	44539.20457800187	10.114873252047019
404	44630.46946073135	9.942838444617893
405	44721.73434346083	9.768566730794397
406	44812.99922619031	9.592668216326048
407	44904.264108919786	9.415716043991479
408	44995.52899164927	9.238244776606392
409	45086.793874378745	9.060749467088716
410	45178.05875710823	8.88368534134091
411	45269.32363983771	8.707468016633317
412	45360.58852256719	8.532474177886733
413	45451.85340529667	8.359042636242929
414	45543.11828802615	8.187475698070653
415	45634.38317075563	8.0180407776069
416	45725.64805348511	7.850972192355686
417	45816.91293621459	7.686473086788115
418	45908.177818944074	7.524717436504962
419	45999.44270167355	7.365852091587142
420	46090.70758440303	7.209998824184192
421	46181.97246713251	7.0572563513372435
422	46273.23734986199	6.907702309508099
423	46364.50223259147	6.76139516223642
424	46455.76711532095	6.618376026745252
425	46547.031998050436	6.478670409163296
426	46638.29688077991	6.342289841344576
427	46729.561763509395	6.209233415074685
428	46820.82664623887	6.079489211794556
429	46912.091528968354	5.953035627890824
430	47003.35641169783	5.829842597143317
431	47094.621294427314	5.7098727131282585
432	47185.8861771568	5.593082255297045
433	47277.15105988627	5.479422123124086
434	47368.41594261576	5.368838683183778
435	47459.68082534523	5.261274534309445
436	47550.945708074716	5.1566691961375675
437	47642.21059080419	5.054959726376918
438	47733.475473533676	4.956081272086431
439	47824.74035626316	4.859967560120293
440	47916.005238992635	4.7665513317189685
441	48007.27012172212	4.675764726007142
442	48098.535004451594	4.587539616914746
443	48189.79988718108	4.501807907775295
444	48281.064769910554	4.418501787585744
445	48372.32965264004	4.33755395263857
446	48463.59453536951	4.2588977969668145
447	48554.859418099	4.182467574778202
448	48646.12430082848	4.108198537799904
449	48737.389183557956	4.036027050211382
450	48828.65406628744	3.9658906836118213
451	48919.918949016916	3.8977282942509426
452	49011.1838317464	3.83148008454799
453	49102.448714475875	3.767087650734206
454	49193.71359720536	3.704494018277754
455	49284.97847993484	3.643643666587959
456	49376.24336266432	3.58448254434592
457	49467.5082453938	3.526958076671667
458	49558.77312812328	3.471019165212681
459	49650.03801085276	3.416616182124163
460	49741.30289358224	3.3637009588076783
461	49832.56777631172	3.3122267701802155
462	49923.8326590412	3.2621483151604505
463	50015.09754177068	3.213421693981547
464	50106.36242450016	3.1660043828702493
465	50197.62730722964	3.119855206569226
466	50288.89218995912	3.074934309123047
467	50380.1570726886	3.0312031232976624
468	50471.42195541808	2.988624338957628
469	50562.686838147565	2.9471618706848073
470	50653.95172087704	2.9067808248857965
471	50745.216603606525	2.8674474666029663
472	50836.481486336	2.8291291862150674
473	50927.746369065484	2.79179446618757
474	51019.01125179496	2.7554128480101854
475	51110.27613452444	2.7199548994385374
476	51201.54101725393	2.685392182139202
477	51292.8058999834	2.6516972198212816
478	51384.070782712886	2.61884346692375
479	51475.33566544236	2.586805277915465
480	51566.600548171846	2.5555578772537935
481	51657.86543090132	2.5250773300384086
482	51749.130313630805	2.495340513388328
483	51840.39519636029	2.466325088563126
484	51931.660079089765	2.438009473842822
485	52022.92496181925	2.41037281817547
486	52114.189844548724	2.383394975596807
487	52205.45472727821	2.3570564804220613
488	52296.71961000768	2.3313385232067243
489	52387.98449273717	2.3062229274699044
490	52479.24937546664	2.281692127171538
491	52570.514258196126	2.257729144932437
492	52661.77914092561	2.2343175709845537
493	52753.044023655086	2.2114415428372385
494	52844.30890638457	2.189085725644193
495	52935.573789114045	2.1672352932548566
496	53026.83867184353	2.1458759099331863
497	53118.103554573005	2.1249937127263436
498	53209.36843730249	2.104575294465304
499	53300.63332003197	2.084607687379272
500	53391.89820276145	2.0650783473055667
501	53483.16308549093	2.045975138476667
502	53574.42796822041	2.027286318866171
503	53665.69285094989	2.009000526075533
504	53756.957733679366	1.9911067637436841
505	53848.22261640885	1.9735943884618563
506	53939.48749913833	1.9564530971762737
507	54030.75238186781	1.9396729150616745
508	54122.01726459729	1.9232441838490084
509	54213.28214732677	1.9071575505910694
510	54304.54703005625	1.8914039568501657
511	54395.81191278573	1.8759746282924414
512	54487.07679551521	1.8608610646738022
513	54578.341678244695	1.8460550302029213
514	54669.60656097417	1.831548544267174
515	54760.871443703654	1.817333872507831
516	54852.13632643313	1.8034035182312869
517	54943.401209162614	1.789750214143489
518	55034.66609189209	1.7763669143952319
519	55125.93097462157	1.763246786926349
520	55217.19585735106	1.7503832060972986
521	55308.46074008053	1.7377697455970118
522	55399.725622810016	1.725400171616303
523	55490.99050553949	1.7132684362765338
524	55582.255388268975	1.7013686713035674
525	55673.52027099845	1.6896951819374788
526	55764.785153727935	1.6782424410687957
527	55856.05003645742	1.6670050835924382
528	55947.314919186894	1.655977900970827
529	56038.57980191638	1.6451558359979876
530	56129.844684645854	1.6345339777567922
531	56221.10956737534	1.6241075567617616
532	56312.37445010481	1.6138719402801982
533	56403.6393328343	1.6038226278246417
534	56494.90421556378	1.5939552468099867
535	56586.169098293256	1.5842655483688008
536	56677.43398102274	1.5747494033186893
537	56768.698863752215	1.5654027982757754
538	56859.9637464817	1.5562218319085965
539	56951.228629211175	1.5472027113269746
540	57042.49351194066	1.5383417486005957
541	57133.758394670134	1.529635357402296
542	57225.02327739962	1.521080049771197
543	57316.2881601291	1.5126724329910881
544	57407.55304285858	1.5044092065795847
545	57498.81792558806	1.4962871593838112
546	57590.08280831754	1.4883031667785167
547	57681.34769104702	1.4804541879626818
548	57772.612573776496	1.4727372633508646
549	57863.87745650598	1.4651495120556524
550	57955.14233923546	1.457688129457763
551	58046.40722196494	1.4503503848604544
552	58137.67210469442	1.4431336192250461
553	58228.9369874239	1.4360352429844956
554	58320.20187015338	1.4290527339320658
555	58411.46675288286	1.4221836351822823
556	58502.73163561234	1.4154255532014401
557	58593.996518341824	1.40877615590508
558	58685.2614010713	1.4022331708199198
559	58776.526283800784	1.395794383307844
560	58867.79116653026	1.389457634849654
561	58959.05604925974	1.3832208213863537
562	59050.32093198922	1.3770818917158647
563	59141.5858147187	1.3710388459431053
564	59232.850697448186	1.3650897339815047
565	59324.11558017766	1.3592326541040416
566	59415.380462907146	1.3534657515420196
567	59506.64534563662	1.3477872171298353
568	59597.910228366105	1.3421952859940665
569	59689.17511109558	1.336688236285291
570	59780.439993825064	1.3312643879510806
571	59871.70487655455	1.3259221015486995
572	59962.969759284024	1.320659777096083
573	60054.23464201351	1.3154758529597261
574	60145.49952474298	1.3103688047781747
575	60236.76440747247	1.3053371444198443
576	60328.02929020194	1.3003794189739666
577	60419.294172931426	1.2954942097734803
578	60510.55905566091	1.290680131448756
579	60601.823938390386	1.2859358310110656
580	60693.08882111987	1.2812599869647605
581	60784.353703849345	1.2766513084471631
582	60875.61858657883	1.2721085343951994
583	60966.883469308304	1.2676304327378605
584	61058.14835203779	1.2632157996135895
585	61149.413234767264	1.2588634586117506
586	61240.67811749675	1.2545722600373401
587	61331.94300022623	1.2503410801981625
588	61423.20788295571	1.2461688207136912
589	61514.47276568519	1.242054407844889
590	61605.737648414666	1.2379967918442787
591	61697.00253114415	1.233994946325572
592	61788.267413873626	1.2300478676522149
593	61879.53229660311	1.2261545743442026
594	61970.79717933259	1.2223141065025622
595	62062.06206206207	1.2185255252509148
596	62153.32694479155	1.2147879121935443
597	62244.59182752103	1.2111003688894402
598	62335.85671025051	1.207462016341774
599	62427.12159297999	1.203871994502316
600	62518.38647570947	1.2003294617902922
601	62609.651358438954	1.1968335946252189
602	62700.91624116843	1.1933835869732583
603	62792.18112389791	1.1899786499066538
604	62883.44600662739	1.1866180111758289
605	62974.71088935687	1.1833009147937372
606	63065.97577208635	1.1800266206320749
607	63157.24065481583	1.1767944040289708
608	63248.505537545316	1.1736035554077957
609	63339.77042027479	1.170453379906733
610	63431.035303004275	1.1673431970187693
611	63522.30018573375	1.164272340241783
612	63613.565068463235	1.161240156738404
613	63704.82995119271	1.158246007005348
614	63796.094833922194	1.1552892645519193
615	63887.35971665168	1.15236931558741
616	63978.62459938115	1.1494855587171038
617	64069.88948211064	1.1466374046466323
618	64161.15436484011	1.143824275894418
619	64252.419247569596	1.1410456065119592
620	64343.68413029907	1.1383008418117153
621	64434.949013028556	1.1355894381023606
622	64526.21389575804	1.132910862431184
623	64617.478778487515	1.1302645923334171
624	64708.743661217	1.1276501155882779
625	64800.008543946475	1.1250669299815357
626	64891.27342667596	1.1225145430743937
627	64982.538309405434	1.1199924719785035
628	65073.80319213492	1.1175002431369296
629	65165.06807486439	1.1150373921108854
630	65256.33295759388	1.1126034633720692
631	65347.59784032336	1.1101980101004367
632	65438.86272305284	1.1078205939872494
633	65530.12760578232	1.1054707850432406
634	65621.3924885118	1.1031481614117566
635	65712.65737124128	1.1008523091867208
636	65803.92225397076	1.098582822235283
637	65895.18713670025	1.0963393020250203
638	65986.45201942972	1.0941213574555568
639	66077.7169021592	1.0919286046944716
640	66168.98178488869	1.0897606670173772
641	66260.24666761816	1.0876171746520469
642	66351.51155034764	1.0854977646264734
643	66442.77643307712	1.0834020806207514
644	66534.04131580661	1.0813297728226716
645	66625.30619853608	1.0792804977869253
646	66716.57108126556	1.0772539182978123
647	66807.83596399505	1.0752497032353603
648	66899.10084672453	1.0732675274447572
649	66990.365729454	1.0713070716089999
650	67081.63061218348	1.0693680221246797
651	67172.89549491297	1.0674500709808081
652	67264.16037764245	1.0655529156406045
653	67355.42526037192	1.0636762589261606
654	67446.69014310141	1.061819808905906
655	67537.95502583089	1.0599832787847974
656	67629.21990856036	1.0581663867971518
657	67720.48479128984	1.0563688561020628
658	67811.74967401933	1.0545904146813168
659	67903.0145567488	1.0528307952397542
660	67994.27943947828	1.0510897351079977
661	68085.54432220777	1.049366976147494
662	68176.80920493725	1.0476622646578018
663	68268.07408766673	1.0459753512860663
664	68359.3389703962	1.0443059909386228
665	68450.60385312569	1.0426539426946742
666	68541.86873585517	1.0410189697219854
667	68633.13361858464	1.0394008391945406
668	68724.39850131414	1.0377993222121153
669	68815.66338404361	1.036214193721712
670	68906.92826677309	1.0346452324408046
671	68998.19314950256	1.0330922207823554
672	69089.45803223205	1.0315549447815477
673	69180.72291496153	1.0300331940241996
674	69271.987797691	1.028526761576804
675	69363.2526804205	1.0270354439181644
676	69454.51756314997	1.0255590408725794
677	69545.78244587945	1.024097355544535
678	69637.04732860893	1.0226501942548702
679	69728.31221133842	1.0212173664783768
680	69819.57709406789	1.019798684782796
681	69910.84197679737	1.0183939647691767
682	70002.10685952686	1.0170030250135627
683	70093.37174225633	1.0156256870099742
684	70184.63662498581	1.0142617751146505
685	70275.90150771529	1.0129111164915225
686	70367.16639044478	1.0115735410588873
687	70458.43127317425	1.0102488814372497
688	70549.69615590373	1.0089369728983053
689	70640.96103863322	1.0076376533150373
690	70732.2259213627	1.0063507631128976
691	70823.49080409217	1.0050761452220456
692	70914.75568682165	1.0038136450306199
693	71006.02056955114	1.0025631103390178
694	71097.28545228062	1.0013243913151568
695	71188.55033501009	1.000097340450695
696	71279.81521773958	0.9988818125181862
697	71371.08010046906	0.9976776645291502
698	71462.34498319853	0.9964847556930303
699	71553.60986592801	0.9953029473770237
700	71644.8747486575	0.994132103066758
701	71736.13963138698	0.9929720883277983
702	71827.40451411645	0.9918227707679599
703	71918.66939684594	0.9906840200004127
704	72009.93427957542	0.9895557076075562
705	72101.1991623049	0.9884377071056447
706	72192.46404503437	0.9873298939101491
707	72283.72892776386	0.9862321453018358
708	72374.99381049334	0.9851443403935456
709	72466.25869322282	0.9840663600976567
710	72557.5235759523	0.9829980870942161
711	72648.78845868178	0.9819394057997248
712	72740.05334141126	0.9808902023365578
713	72831.31822414073	0.9798503645030096
714	72922.58310687022	0.9788197817439463
715	73013.8479895997	0.9777983451220543
716	73105.11287232918	0.976785947289666
717	73196.37775505867	0.9757824824611565
718	73287.64263778814	0.9747878463858942
719	73378.90752051762	0.9738019363217314
720	73470.17240324711	0.972824651009026
721	73561.43728597659	0.971855890645182
722	73652.70216870606	0.9708955568596922
723	73743.96705143554	0.9699435526896798
724	73835.23193416503	0.9689997825559199
725	73926.4968168945	0.9680641522393365
726	74017.76169962398	0.9671365688579591
727	74109.02658235347	0.9662169408443321
728	74200.29146508295	0.9653051779233666
729	74291.55634781242	0.964401191090623
730	74382.8212305419	0.9635048925910158
731	74474.08611327139	0.9626161958979332
732	74565.35099600087	0.9617350156927592
733	74656.61587873034	0.9608612678447905
734	74747.88076145983	0.9599948693915408
735	74839.14564418931	0.9591357385194237
736	74930.41052691879	0.9582837945448033
737	75021.67540964826	0.9574389578954088
738	75112.94029237775	0.9566011500921017
739	75204.20517510723	0.95577029373099
740	75295.4700578367	0.9549463124658806
741	75386.7349405662	0.9541291309910641
742	75477.99982329567	0.9533186750244235
743	75569.26470602515	0.9525148712908602
744	75660.52958875462	0.9517176475060314
745	75751.79447148411	0.9509269323603915
746	75843.05935421359	0.9501426555035313
747	75934.32423694307	0.949364747528807
748	76025.58911967256	0.9485931399582574
749	76116.85400240203	0.9478277652277985
750	76208.11888513151	0.9470685566726909
751	76299.38376786099	0.9463154485132758
752	76390.64865059048	0.9455683758409739
753	76481.91353331995	0.9448272746045394
754	76573.17841604943	0.9440920815965652
755	76664.44329877892	0.9433627344402358
756	76755.7081815084	0.9426391715763193
757	76846.97306423787	0.9419213322503966
758	76938.23794696735	0.9412091565003214
759	77029.50282969684	0.940502585143906
760	77120.76771242631	0.93980155976683
761	77212.03259515579	0.9391060227107649
762	77303.29747788528	0.9384159170617129
763	77394.56236061476	0.9377311866385528
764	77485.82724334423	0.9370517759817909
765	77577.09212607371	0.9363776303425116
766	77668.3570088032	0.935708695671525
767	77759.62189153268	0.9350449186087053
768	77850.88677426215	0.9343862464725179
769	77942.15165699164	0.9337326272497312
770	78033.41653972112	0.9330840095853096
771	78124.6814224506	0.9324403427724826
772	78215.94630518007	0.9318015767429881
773	78307.21118790956	0.9311676620574865
774	78398.47607063904	0.93053854989614
775	78489.74095336851	0.9299141920493579
776	78581.005836098	0.9292945409086991
777	78672.27071882748	0.9286795494579354
778	78763.53560155696	0.9280691712642649
779	78854.80048428643	0.92746336046968
780	78946.06536701592	0.9268620717824816
781	79037.3302497454	0.9262652604689385
782	79128.59513247487	0.9256728823450903
783	79219.86001520437	0.9250848937686883
784	79311.12489793384	0.9245012516312759
785	79402.38978066332	0.9239219133504002
786	79493.6546633928	0.9233468368619573
787	79584.91954612228	0.9227759806126665
788	79676.18442885176	0.9222093035526713
789	79767.44931158124	0.9216467651282636
790	79858.71419431073	0.921088325274731
791	79949.9790770402	0.9205339444093237
792	80041.24395976968	0.9199835834243376
793	80132.50884249916	0.9194372036803138
794	80223.77372522865	0.9188947669993499
795	80315.03860795812	0.9183562356585235
796	80406.3034906876	0.9178215723834227
797	80497.56837341707	0.9172907403417839
798	80588.83325614656	0.9167637031372357
799	80680.09813887604	0.9162404248031432
800	80771.36302160552	0.9157208697965544
801	80862.62790433501	0.9152050029922458
802	80953.89278706448	0.9146927896768637
803	81045.15766979396	0.9141841955431628
804	81136.42255252344	0.9136791866843358
805	81227.68743525293	0.9131777295884373
806	81318.9523179824	0.9126797911328968
807	81410.21720071188	0.9121853385791188
808	81501.48208344137	0.911694339567172
809	81592.74696617085	0.9112067621105633
810	81684.01184890032	0.9107225745910931
811	81775.2767316298	0.9102417457537963
812	81866.54161435929	0.9097642447019614
813	81957.80649708876	0.9092900408922303
814	82049.07137981824	0.9088191041297745
815	82140.33626254773	0.9083514045635492
816	82231.6011452772	0.9078869126816214
817	82322.86602800668	0.9074255993065719
818	82414.13091073616	0.9069674355909694
819	82505.39579346565	0.9065123930129166
820	82596.66067619513	0.9060604433716651
821	82687.9255589246	0.9056115587832987
822	82779.1904416541	0.9051657116764847
823	82870.45532438357	0.9047228747882919
824	82961.72020711305	0.9042830211600713
825	83052.98508984252	0.9038461241334032
826	83144.24997257201	0.9034121573461048
827	83235.51485530149	0.9029810947283018
828	83326.77973803096	0.9025529104985579
829	83418.04462076045	0.9021275791600651
830	83509.30950348993	0.9017050754968932
831	83600.5743862194	0.9012853745702943
832	83691.83926894888	0.9008684517150665
833	83783.10415167837	0.9004542825359707
834	83874.36903440785	0.9000428429042034
835	83965.63391713733	0.8996341089539222
836	84056.89879986682	0.8992280570788234
837	84148.16368259629	0.8988246639287738
838	84239.42856532577	0.8984239064064893
839	84330.69344805524	0.898025761664267
840	84421.95833078474	0.8976302071007646
841	84513.22321351421	0.8972372203578284
842	84604.48809624369	0.8968467793173686
843	84695.75297897318	0.8964588620982813
844	84787.01786170265	0.8960734470534167
845	84878.28274443213	0.8956905127665917
846	84969.5476271616	0.8953100380496467
847	85060.8125098911	0.894932001939547
848	85152.07739262057	0.8945563836955257
849	85243.34227535005	0.8941831627962697
850	85334.60715807954	0.8938123189371463
851	85425.87204080902	0.893443832027471
852	85517.13692353849	0.8930776821878149
853	85608.40180626797	0.8927138497473521
854	85699.66668899746	0.8923523152412449
855	85790.93157172693	0.8919930594080678
856	85882.19645445641	0.8916360631872687
857	85973.4613371859	0.8912813077166661
858	86064.72621991538	0.8909287743299844
859	86155.99110264485	0.8905784445544224
860	86247.25598537433	0.8902303001082587
861	86338.52086810382	0.8898843228984905
862	86429.7857508333	0.8895404950185073
863	86521.05063356277	0.8891987987457961
864	86612.31551629226	0.8888592165396815
865	86703.58039902174	0.8885217310390964
866	86794.84528175122	0.8881863250603856
867	86886.11016448069	0.8878529815951397
868	86977.37504721018	0.8875216838080603
869	87068.63992993966	0.887192415034855
870	87159.90481266913	0.8868651587801628
871	87251.16969539862	0.8865398987155074
872	87342.4345781281	0.8862166186772811
873	87433.69946085758	0.8858953026647552
874	87524.96434358705	0.88557593483812
875	87616.22922631654	0.8852584995165504
876	87707.49410904602	0.8849429811763003
877	87798.7589917755	0.8846293644488219
878	87890.02387450499	0.8843176341189123
879	87981.28875723446	0.8840077751228859
880	88072.55363996394	0.8836997725467705
881	88163.81852269341	0.8833936116245302
882	88255.0834054229	0.8830892777363124
883	88346.34828815238	0.8827867564067179
884	88437.61317088186	0.8824860333030957
885	88528.87805361133	0.8821870942338611
886	88620.14293634082	0.8818899251468368
887	88711.4078190703	0.8815945121276162
888	88802.67270179978	0.8813008413979497
889	88893.93758452927	0.8810088993141524
890	88985.20246725874	0.8807186723655338
891	89076.46734998822	0.8804301471728486
892	89167.7322327177	0.8801433104867686
893	89258.99711544719	0.8798581491863752
894	89350.26199817666	0.8795746502776717
895	89441.52688090614	0.8792928008921169
896	89532.79176363563	0.879012588285177
897	89624.0566463651	0.8787339998348976
898	89715.32152909458	0.8784570230404951
899	89806.58641182406	0.8781816455209658
900	89897.85129455355	0.877907855013715
901	89989.11617728302	0.8776356393732033
902	90080.3810600125	0.877364986569611
903	90171.64594274199	0.8770958846875208
904	90262.91082547147	0.8768283219246169
905	90354.17570820094	0.8765622865904027
906	90445.44059093042	0.876297767104934
907	90536.70547365991	0.8760347519975696
908	90627.97035638939	0.8757732299057385
909	90719.23523911886	0.8755131895737223
910	90810.50012184835	0.8752546198514548
911	90901.76500457783	0.8749975096933363
912	90993.0298873073	0.8747418481570639
913	91084.29477003678	0.8744876244024766
914	91175.55965276627	0.8742348276904158
915	91266.82453549575	0.8739834473816006
916	91358.08941822522	0.873733472935517
917	91449.35430095471	0.873484893909322
918	91540.61918368419	0.8732376999567626
919	91631.88406641367	0.8729918808271062
920	91723.14894914314	0.8727474263640883
921	91814.41383187263	0.8725043265048702
922	91905.67871460211	0.8722625712790129
923	91996.94359733158	0.8720221508074616
924	92088.20848006108	0.8717830553015458
925	92179.47336279055	0.8715452750619896
926	92270.73824552003	0.8713088004779365
927	92362.0031282495	0.8710736220259852
928	92453.268010979	0.8708397302692388
929	92544.53289370847	0.8706071158563647
930	92635.79777643795	0.8703757695206682
931	92727.06265916744	0.8701456820791754
932	92818.32754189691	0.86991684443173
933	92909.59242462639	0.8696892475600996
934	93000.85730735587	0.8694628825270942
935	93092.12219008536	0.8692377404756959
936	93183.38707281483	0.8690138126281981
937	93274.65195554431	0.8687910902853575
938	93365.9168382738	0.8685695648255545
939	93457.18172100328	0.8683492277039657
940	93548.44660373275	0.8681300704517461
941	93639.71148646223	0.8679120846752204
942	93730.97636919172	0.8676952620550867
943	93822.2412519212	0.8674795943456274
944	93913.50613465067	0.8672650733739313
945	94004.77101738016	0.8670516910391254
946	94096.03590010964	0.8668394393116149
947	94187.30078283911	0.8666283102323339
948	94278.56566556859	0.8664182959120043
949	94369.83054829808	0.8662093885304042
950	94461.09543102756	0.8660015803356454
951	94552.36031375703	0.865794863643459
952	94643.62519648652	0.8655892308364901
953	94734.890079216	0.8653846743636013
954	94826.15496194547	0.8651811867391842
955	94917.41984467495	0.8649787605424794
956	95008.68472740444	0.8647773884169048
957	95099.94961013392	0.8645770630693916
958	95191.2144928634	0.8643777772697291
959	95282.47937559288	0.864179523849916
960	95373.74425832236	0.8639822957035215
961	95465.00914105184	0.8637860857850512
962	95556.27402378131	0.8635908871093242
963	95647.5389065108	0.8633966927508537
964	95738.80378924028	0.8632034958432384
965	95830.06867196976	0.8630112895785589
966	95921.33355469925	0.8628200672067821
967	96012.59843742872	0.8626298220351727
968	96103.8633201582	0.8624405474277116
969	96195.12820288767	0.8622522368045208
970	96286.39308561716	0.8620648836412955
971	96377.65796834664	0.861878481468743
972	96468.92285107612	0.8616930238720276
973	96560.18773380561	0.8615085044902222
974	96651.45261653508	0.8613249170157671
975	96742.71749926456	0.8611422551939338
976	96833.98238199404	0.8609605128222965
977	96925.24726472353	0.8607796837502079
978	97016.512147453	0.8605997618782832
979	97107.77703018248	0.8604207411578891
980	97199.04191291195	0.8602426155906377
981	97290.30679564145	0.8600653792278884
982	97381.57167837092	0.8598890261702535
983	97472.8365611004	0.8597135505671115
984	97564.10144382989	0.8595389466161238
985	97655.36632655936	0.8593652085627589
986	97746.63120928884	0.8591923306998207
987	97837.89609201832	0.8590203073669832
988	97929.1609747478	0.8588491329503298
989	98020.42585747728	0.8586788018818985
990	98111.69074020676	0.8585093086392311
991	98202.95562293625	0.8583406477449296
992	98294.22050566573	0.8581728137662152
993	98385.4853883952	0.8580058013144946
994	98476.75027112468	0.857839605044929
995	98568.01515385417	0.8576742196560099
996	98659.28003658364	0.857509639889139
997	98750.54491931312	0.8573458605282122
998	98841.80980204261	0.8571828763992086
999	98933.07468477209	0.8570206823697858
