	time_s	x1	x2	x3	aspect_ratio	diameter_um	x4	centre_offset_x	centre_offset_y
239	0.00013911	104.0	121.0	12584.0	1.163462	44.203010526699416	0.0	-0.4899292	-0.9783936
240	0.00013961	105.0	122.0	12810.0	1.161905	44.56665052669941	0.0	-0.5307007	-0.6894531
241	0.00014011	104.0	121.0	12584.0	1.163462	44.203010526699416	0.0	-0.881897	-0.7778931
242	0.00014061	105.0	119.0	12495.0	1.133333	43.47574052669942	0.0	-0.5680542	-0.7739258
243	0.00014111	105.0	119.0	12495.0	1.133333	43.47574052669942	0.0	-0.6709595	-0.9219971
244	0.00014161	105.0	118.0	12390.0	1.12381	43.112100526699415	0.0	-0.241333	-0.7915649
245	0.00014211	105.0	117.0	12285.0	1.114286	42.74846052669942	0.0	-0.3942261	-0.6329346
246	0.00014261	106.0	115.0	12190.0	1.084906	42.021190526699414	0.0	-0.2445679	-0.2651367
247	0.00014311	107.0	114.0	12198.0	1.065421	41.65756052669941	0.0	-0.1829834	-0.4485474
248	0.00014361	107.0	113.0	12091.0	1.056075	41.29392052669942	0.0	0.0001220703	-0.361084
249	0.00014411	107.0	112.0	11984.0	1.046729	40.93028052669941	0.0	-0.3380127	-0.3405762
250	0.00014461	108.0	113.0	12204.0	1.046296	41.29392052669942	0.0	-0.2006226	-0.7548828
251	0.00014511	110.0	108.0	11880.0	0.9818182	39.47574052669942	0.0	-0.4255981	-0.5703125
252	0.00014561	110.0	108.0	11880.0	0.9818182	39.47574052669942	0.0	-0.1378784	-0.7567749
253	0.00014611	111.0	109.0	12099.0	0.981982	39.83937052669942	0.0	-0.06970215	-0.5056152
254	0.00014661	112.0	105.0	11760.0	0.9375	38.38483052669942	0.0	-0.6048584	-0.6784668
255	0.00014711	113.0	105.0	11865.0	0.9292035	38.38483052669942	0.0	-0.6000977	-0.1452026
256	0.00014761	113.0	104.0	11752.0	0.920354	38.021190526699414	0.0	-0.6608887	-0.170105
257	0.00014811	114.0	101.0	11514.0	0.8859649	36.93028052669941	0.0	-0.305603	-0.5117798
258	0.00014861	114.0	100.0	11400.0	0.877193	36.56665052669941	0.0	-0.69104	-0.4619751
259	0.00014911	114.0	100.0	11400.0	0.877193	36.56665052669941	0.0	-0.3397217	-0.5738525
260	0.00014961	114.0	99.0	11286.0	0.8684211	36.203010526699416	0.0	-0.3706055	-0.5238037
261	0.00015011	115.0	99.0	11385.0	0.8608696	36.203010526699416	0.0	-0.7302246	-0.4810181
262	0.00015061	115.0	99.0	11385.0	0.8608696	36.203010526699416	0.0	-0.2299805	-0.3109131
263	0.00015111	115.0	99.0	11385.0	0.8608696	36.203010526699416	0.0	-0.3901978	-0.3084717
264	0.00015161	115.0	100.0	11500.0	0.8695652	36.56665052669941	0.0	-0.5079956	-0.7803345
265	0.00015211	114.0	100.0	11400.0	0.877193	36.56665052669941	0.0	-0.3817139	-0.7721558
266	0.00015261	114.0	101.0	11514.0	0.8859649	36.93028052669941	0.0	-0.5643921	-0.7852783
267	0.00015311	113.0	102.0	11526.0	0.9026549	37.29392052669942	0.0	-0.1251221	-0.3742065
268	0.00015361	113.0	103.0	11639.0	0.9115044	37.65756052669941	0.0	-0.3456421	-1.054504
269	0.00015411	112.0	103.0	11536.0	0.9196429	37.65756052669941	0.0	-0.3779907	-0.6268921
270	0.00015461	111.0	104.0	11544.0	0.9369369	38.021190526699414	0.0	-0.3547974	-0.5723877
271	0.00015511	112.0	105.0	11760.0	0.9375	38.38483052669942	0.0	-0.6290894	-0.37146
272	0.00015561	111.0	107.0	11877.0	0.963964	39.112100526699415	0.0	-0.1784668	-0.3110352
273	0.00015611	111.0	108.0	11988.0	0.972973	39.47574052669942	0.0	0.06762695	-0.6106567
274	0.00015661	109.0	110.0	11990.0	1.009174	40.203010526699416	0.0	-0.5717163	-0.3684082
275	0.00015711	108.0	111.0	11988.0	1.027778	40.56665052669941	0.0	-0.4873657	-0.5178223
276	0.00015761	109.0	112.0	12208.0	1.027523	40.93028052669941	0.0	-0.5854492	-0.3783569
277	0.00015811	107.0	113.0	12091.0	1.056075	41.29392052669942	0.0	-0.5657349	-0.6390381
278	0.00015861	107.0	114.0	12198.0	1.065421	41.65756052669941	0.0	-0.2647095	-0.7598267
279	0.00015911	107.0	115.0	12305.0	1.074766	42.021190526699414	0.0	-0.7567749	-0.6105957
280	0.00015961	107.0	116.0	12412.0	1.084112	42.38483052669942	0.0	-0.6473999	-0.3426514
281	0.00016011	106.0	116.0	12296.0	1.09434	42.38483052669942	0.0	-0.5088501	-0.8549805
282	0.00016061	105.0	117.0	12285.0	1.114286	42.74846052669942	0.0	-0.07196045	-0.5252075
283	0.00016111	106.0	117.0	12402.0	1.103774	42.74846052669942	0.0	-0.633667	-0.5012207
284	0.00016161	105.0	117.0	12285.0	1.114286	42.74846052669942	0.0	-0.3673096	-0.8973999
285	0.00016211	105.0	118.0	12390.0	1.12381	43.112100526699415	0.0	-0.2333984	-0.2744751
286	0.00016261	105.0	118.0	12390.0	1.12381	43.112100526699415	0.0	-0.4505615	-0.3432617
287	0.00016311	105.0	118.0	12390.0	1.12381	43.112100526699415	0.0	-0.6480713	-0.5098267
288	0.00016361	105.0	117.0	12285.0	1.114286	42.74846052669942	0.0	-0.5406494	-0.2235107
289	0.00016411	106.0	116.0	12296.0	1.09434	42.38483052669942	0.0	-0.6075439	-0.8399658
290	0.00016461	106.0	116.0	12296.0	1.09434	42.38483052669942	0.0	-0.3580322	-0.4658813
291	0.00016511	106.0	115.0	12190.0	1.084906	42.021190526699414	0.0	-0.8762207	-0.6727905
292	0.00016561	107.0	115.0	12305.0	1.074766	42.021190526699414	0.0	-0.4438477	-0.6367798
293	0.00016611	108.0	114.0	12312.0	1.055556	41.65756052669941	0.0	-0.4593506	-0.4832764
294	0.00016661	108.0	113.0	12204.0	1.046296	41.29392052669942	0.0	-0.7073975	-0.8774414
295	0.00016711	108.0	111.0	11988.0	1.027778	40.56665052669941	0.0	-0.4468994	-0.6126099
296	0.00016761	109.0	110.0	11990.0	1.009174	40.203010526699416	0.0	-0.4893799	-0.0859375
297	0.00016811	110.0	109.0	11990.0	0.9909091	39.83937052669942	0.0	-0.2834473	-0.5311279
298	0.00016861	110.0	109.0	11990.0	0.9909091	39.83937052669942	0.0	-0.1269531	-0.6518555
299	0.00016911	109.0	108.0	11772.0	0.9908257	39.47574052669942	0.0	-0.2770996	-0.6132812
300	0.00016961	111.0	107.0	11877.0	0.963964	39.112100526699415	0.0	-0.3741455	-0.3164062
301	0.00017011	111.0	106.0	11766.0	0.954955	38.74846052669942	0.0	-0.4047852	-0.628418
302	0.00017061	111.0	104.0	11544.0	0.9369369	38.021190526699414	0.0	-0.6629639	-0.5845947
303	0.00017111	112.0	103.0	11536.0	0.9196429	37.65756052669941	0.0	-0.6256104	-0.6994019
304	0.00017161	113.0	103.0	11639.0	0.9115044	37.65756052669941	0.0	-0.1794434	-0.5336304
305	0.00017211	113.0	102.0	11526.0	0.9026549	37.29392052669942	0.0	-0.7988281	-0.6246948
306	0.00017261	112.0	102.0	11424.0	0.9107143	37.29392052669942	0.0	-0.3494873	-0.7642212
307	0.00017311	113.0	102.0	11526.0	0.9026549	37.29392052669942	0.0	-0.4785156	-0.2429199
308	0.00017361	113.0	101.0	11413.0	0.8938053	36.93028052669941	0.0	-0.6003418	-0.9361572
309	0.00017411	113.0	101.0	11413.0	0.8938053	36.93028052669941	0.0	-0.397583	-0.6341553
310	0.00017461	113.0	102.0	11526.0	0.9026549	37.29392052669942	0.0	-0.532959	-0.2120361
311	0.00017511	113.0	102.0	11526.0	0.9026549	37.29392052669942	0.0	-0.7415771	-0.7850342
312	0.00017561	113.0	103.0	11639.0	0.9115044	37.65756052669941	0.0	-0.2623291	-0.7747803
313	0.00017611	113.0	102.0	11526.0	0.9026549	37.29392052669942	0.0	-0.3876953	-0.2865601
314	0.00017661	113.0	104.0	11752.0	0.920354	38.021190526699414	0.0	-0.5076904	-0.387085
315	0.00017711	114.0	103.0	11742.0	0.9035088	37.65756052669941	0.0	-0.1678467	-0.4512939
316	0.00017761	112.0	105.0	11760.0	0.9375	38.38483052669942	0.0	-0.3613281	-0.9104004
317	0.00017811	112.0	105.0	11760.0	0.9375	38.38483052669942	0.0	-0.5009766	-0.8024292
318	0.00017861	111.0	107.0	11877.0	0.963964	39.112100526699415	0.0	-0.4914551	-0.3525391
319	0.00017911	111.0	107.0	11877.0	0.963964	39.112100526699415	0.0	-0.3045654	-0.243042
320	0.00017961	110.0	109.0	11990.0	0.9909091	39.83937052669942	0.0	-0.2781982	-0.7709351
321	0.00018011	110.0	109.0	11990.0	0.9909091	39.83937052669942	0.0	-0.326416	-0.6751099
322	0.00018061	109.0	110.0	11990.0	1.009174	40.203010526699416	0.0	-0.3480225	-0.8762817
323	0.00018111	109.0	111.0	12099.0	1.018349	40.56665052669941	0.0	-0.5189209	-0.692749
324	0.00018161	108.0	112.0	12096.0	1.037037	40.93028052669941	0.0	-0.4941406	-0.7588501
325	0.00018211	108.0	113.0	12204.0	1.046296	41.29392052669942	0.0	-0.5216064	-0.4707642
326	0.00018261	108.0	113.0	12204.0	1.046296	41.29392052669942	0.0	-0.4869385	-0.5683594
327	0.00018311	107.0	114.0	12198.0	1.065421	41.65756052669941	0.0	0.05126953	-0.3464355
328	0.00018361	108.0	115.0	12420.0	1.064815	42.021190526699414	0.0	-0.6879883	-0.4341431
329	0.00018411	107.0	115.0	12305.0	1.074766	42.021190526699414	0.0	-0.6472168	-0.7901001
330	0.00018461	107.0	115.0	12305.0	1.074766	42.021190526699414	0.0	-0.0189209	-0.1685181
331	0.00018511	106.0	115.0	12190.0	1.084906	42.021190526699414	0.0	-0.5267334	-0.4835815
332	0.00018561	106.0	116.0	12296.0	1.09434	42.38483052669942	0.0	-0.4425049	-0.6657715
333	0.00018611	106.0	115.0	12190.0	1.084906	42.021190526699414	0.0	-0.4468994	-0.6195068
334	0.00018661	106.0	116.0	12296.0	1.09434	42.38483052669942	0.0	-0.4333496	-0.609314
335	0.00018711	106.0	116.0	12296.0	1.09434	42.38483052669942	0.0	-0.2720947	-0.9151611
336	0.00018761	107.0	114.0	12198.0	1.065421	41.65756052669941	0.0	-0.2836914	-0.5629272
337	0.00018811	107.0	114.0	12198.0	1.065421	41.65756052669941	0.0	-0.4375	-0.9034424
338	0.00018861	107.0	114.0	12198.0	1.065421	41.65756052669941	0.0	-0.03417969	-0.4667969
339	0.00018911	107.0	113.0	12091.0	1.056075	41.29392052669942	0.0	-0.2825928	-0.6954956
340	0.00018961	107.0	112.0	11984.0	1.046729	40.93028052669941	0.0	-0.4886475	-0.9321899
341	0.00019011	109.0	111.0	12099.0	1.018349	40.56665052669941	0.0	-0.7416992	-0.6883545
342	0.00019061	109.0	112.0	12208.0	1.027523	40.93028052669941	0.0	-0.458252	-0.07775879
343	0.00019111	109.0	111.0	12099.0	1.018349	40.56665052669941	0.0	-0.6762695	-0.8639526
344	0.00019161	110.0	110.0	12100.0	1.0	40.203010526699416	0.0	-0.9273682	-0.7598877
345	0.00019211	109.0	111.0	12099.0	1.018349	40.56665052669941	0.0	-0.7202148	-0.5300293
346	0.00019261	110.0	109.0	11990.0	0.9909091	39.83937052669942	0.0	-0.3202515	-0.5200806
347	0.00019311	111.0	108.0	11988.0	0.972973	39.47574052669942	0.0	-0.4580078	-0.7846069
348	0.00019361	112.0	107.0	11984.0	0.9553571	39.112100526699415	0.0	-0.6802979	-0.6669922
349	0.00019411	111.0	107.0	11877.0	0.963964	39.112100526699415	0.0	-0.5838013	-0.4616089
350	0.00019461	111.0	106.0	11766.0	0.954955	38.74846052669942	0.0	-0.2744751	-0.5528564
351	0.00019511	112.0	106.0	11872.0	0.9464286	38.74846052669942	0.0	-0.7866211	-0.3884888
352	0.00019561	113.0	105.0	11865.0	0.9292035	38.38483052669942	0.0	-0.7230835	-0.2796021
353	0.00019611	113.0	104.0	11752.0	0.920354	38.021190526699414	0.0	-0.09106445	-0.7281494
354	0.00019661	113.0	104.0	11752.0	0.920354	38.021190526699414	0.0	-0.3461304	-0.6468506
355	0.00019711	112.0	104.0	11648.0	0.9285714	38.021190526699414	0.0	-0.4798584	-0.5587158
356	0.00019761	113.0	103.0	11639.0	0.9115044	37.65756052669941	0.0	-0.3339844	-0.4970703
357	0.00019811	113.0	104.0	11752.0	0.920354	38.021190526699414	0.0	-0.6090698	-0.5959473
358	0.00019861	113.0	104.0	11752.0	0.920354	38.021190526699414	0.0	-0.465271	-0.4086304
359	0.00019911	112.0	105.0	11760.0	0.9375	38.38483052669942	0.0	-0.6176147	-0.5402222
360	0.00019961	112.0	105.0	11760.0	0.9375	38.38483052669942	0.0	-0.1807861	-0.3083496
361	0.00020011	112.0	106.0	11872.0	0.9464286	38.74846052669942	0.0	-0.5136719	-0.5497437
362	0.00020061	112.0	105.0	11760.0	0.9375	38.38483052669942	0.0	-0.4800415	-0.3331299
363	0.00020111	111.0	106.0	11766.0	0.954955	38.74846052669942	0.0	-0.4917603	-0.444397
364	0.00020161	111.0	106.0	11766.0	0.954955	38.74846052669942	0.0	-0.753479	-0.3421021
365	0.00020211	110.0	107.0	11770.0	0.9727273	39.112100526699415	0.0	-0.8096924	-0.7567749
366	0.00020261	110.0	108.0	11880.0	0.9818182	39.47574052669942	0.0	-0.6343994	-0.7358398
367	0.00020311	110.0	108.0	11880.0	0.9818182	39.47574052669942	0.0	-0.482666	-0.4138184
368	0.00020361	109.0	109.0	11881.0	1.0	39.83937052669942	0.0	-0.5901489	-0.538269
369	0.00020411	110.0	110.0	12100.0	1.0	40.203010526699416	0.0	-0.6940308	-0.6417236
370	0.00020461	109.0	110.0	11990.0	1.009174	40.203010526699416	0.0	-0.5529785	-0.810791
371	0.00020511	108.0	111.0	11988.0	1.027778	40.56665052669941	0.0	-0.3306274	-0.7077026
372	0.00020561	109.0	111.0	12099.0	1.018349	40.56665052669941	0.0	-0.5908813	-0.4957886
373	0.00020611	108.0	112.0	12096.0	1.037037	40.93028052669941	0.0	-0.3529663	-0.3790283
374	0.00020661	108.0	113.0	12204.0	1.046296	41.29392052669942	0.0	-0.4928589	-0.3699341
375	0.00020711	108.0	113.0	12204.0	1.046296	41.29392052669942	0.0	-0.7405396	-0.7175903
376	0.00020761	107.0	113.0	12091.0	1.056075	41.29392052669942	0.0	-0.239563	-0.5529785
377	0.00020811	108.0	113.0	12204.0	1.046296	41.29392052669942	0.0	-0.2383423	-0.4572754
378	0.00020861	107.0	113.0	12091.0	1.056075	41.29392052669942	0.0	-0.1975708	-0.2885132
379	0.00020911	107.0	114.0	12198.0	1.065421	41.65756052669941	0.0	-0.5143433	-0.6159058
380	0.00020961	107.0	114.0	12198.0	1.065421	41.65756052669941	0.0	-0.2744141	-0.4692993
381	0.00021011	106.0	113.0	11978.0	1.066038	41.29392052669942	0.0	-0.01049805	-0.6658936
382	0.00021061	107.0	113.0	12091.0	1.056075	41.29392052669942	0.0	-0.1351929	-0.9136963
383	0.00021111	108.0	114.0	12312.0	1.055556	41.65756052669941	0.0	-0.2387085	-0.6473999
384	0.00021161	108.0	113.0	12204.0	1.046296	41.29392052669942	0.0	-0.4476929	-0.43927
385	0.00021211	108.0	113.0	12204.0	1.046296	41.29392052669942	0.0	-0.8657227	-0.257019
386	0.00021261	108.0	112.0	12096.0	1.037037	40.93028052669941	0.0	-0.8169556	-0.4415894
387	0.00021311	109.0	113.0	12317.0	1.036697	41.29392052669942	0.0	-0.4312744	-1.006042
388	0.00021361	109.0	111.0	12099.0	1.018349	40.56665052669941	0.0	-0.546936	-0.4395752
389	0.00021411	109.0	110.0	11990.0	1.009174	40.203010526699416	0.0	-0.6019897	-0.7041016
390	0.00021461	109.0	111.0	12099.0	1.018349	40.56665052669941	0.0	-0.302002	-0.5640869
391	0.00021511	110.0	109.0	11990.0	0.9909091	39.83937052669942	0.0	-0.2302246	-0.9327393
392	0.00021561	111.0	109.0	12099.0	0.981982	39.83937052669942	0.0	-0.3840332	-0.4126587
393	0.00021611	110.0	109.0	11990.0	0.9909091	39.83937052669942	0.0	-0.2481689	-0.260376
394	0.00021661	110.0	108.0	11880.0	0.9818182	39.47574052669942	0.0	-0.4074707	-0.6692505
395	0.00021711	111.0	108.0	11988.0	0.972973	39.47574052669942	0.0	-0.4725952	-0.2070923
396	0.00021761	112.0	107.0	11984.0	0.9553571	39.112100526699415	0.0	-0.1624756	-0.5595093
397	0.00021811	111.0	106.0	11766.0	0.954955	38.74846052669942	0.0	-0.6629639	-0.789917
398	0.00021861	112.0	106.0	11872.0	0.9464286	38.74846052669942	0.0	-0.7611084	-0.3458252
399	0.00021911	112.0	105.0	11760.0	0.9375	38.38483052669942	0.0	-0.3797607	-0.392395
400	0.00021961	112.0	105.0	11760.0	0.9375	38.38483052669942	0.0	-0.1212158	-0.2312012
401	0.00022011	112.0	105.0	11760.0	0.9375	38.38483052669942	0.0	-0.5093994	-0.2679443
402	0.00022061	112.0	105.0	11760.0	0.9375	38.38483052669942	0.0	-0.5655518	-0.824707
403	0.00022111	112.0	105.0	11760.0	0.9375	38.38483052669942	0.0	-0.5686035	-0.2071533
404	0.00022161	112.0	105.0	11760.0	0.9375	38.38483052669942	0.0	-0.6762695	-0.3009033
405	0.00022211	112.0	105.0	11760.0	0.9375	38.38483052669942	0.0	-0.3266602	-0.5560303
406	0.00022261	112.0	105.0	11760.0	0.9375	38.38483052669942	0.0	-0.7646484	-0.5704956
407	0.00022311	111.0	106.0	11766.0	0.954955	38.74846052669942	0.0	-0.5601807	-0.4065552
408	0.00022361	111.0	106.0	11766.0	0.954955	38.74846052669942	0.0	-0.869873	-0.8409424
409	0.00022411	110.0	106.0	11660.0	0.9636363	38.74846052669942	0.0	-0.3983154	-0.5797119
410	0.00022461	110.0	106.0	11660.0	0.9636363	38.74846052669942	0.0	-0.175415	-0.515564
411	0.00022511	110.0	107.0	11770.0	0.9727273	39.112100526699415	0.0	-0.08728027	-0.3521118
412	0.00022561	110.0	107.0	11770.0	0.9727273	39.112100526699415	0.0	-0.3948975	-0.8112793
413	0.00022611	110.0	107.0	11770.0	0.9727273	39.112100526699415	0.0	-0.4449463	-0.828186
414	0.00022661	109.0	108.0	11772.0	0.9908257	39.47574052669942	0.0	-0.7663574	-0.4377441
415	0.00022711	109.0	109.0	11881.0	1.0	39.83937052669942	0.0	-0.08825684	-0.4578247
416	0.00022761	109.0	110.0	11990.0	1.009174	40.203010526699416	0.0	-0.2141113	-0.7425537
417	0.00022811	109.0	109.0	11881.0	1.0	39.83937052669942	0.0	-0.3852539	-0.793335
418	0.00022861	109.0	112.0	12208.0	1.027523	40.93028052669941	0.0	-0.4105225	-0.609375
419	0.00022911	109.0	112.0	12208.0	1.027523	40.93028052669941	0.0	-0.5554199	-0.3565063
420	0.00022961	109.0	112.0	12208.0	1.027523	40.93028052669941	0.0	-0.5327148	-0.3606567
421	0.00023011	109.0	112.0	12208.0	1.027523	40.93028052669941	0.0	-0.286377	-0.5343628
422	0.00023061	109.0	112.0	12208.0	1.027523	40.93028052669941	0.0	-0.2608643	-0.3594971
423	0.00023111	109.0	112.0	12208.0	1.027523	40.93028052669941	0.0	-0.3922119	-0.3571777
424	0.00023161	109.0	113.0	12317.0	1.036697	41.29392052669942	0.0	-0.2902832	-0.6969604
425	0.00023211	108.0	113.0	12204.0	1.046296	41.29392052669942	0.0	-0.09973145	-0.3679199
426	0.00023261	109.0	114.0	12426.0	1.045872	41.65756052669941	0.0	-0.526001	-0.338501
427	0.00023311	108.0	114.0	12312.0	1.055556	41.65756052669941	0.0	-0.3953857	-0.4838257
428	0.00023361	109.0	113.0	12317.0	1.036697	41.29392052669942	0.0	-0.5943604	-0.5214233
429	0.00023411	109.0	113.0	12317.0	1.036697	41.29392052669942	0.0	-0.1169434	-0.4967651
430	0.00023461	109.0	112.0	12208.0	1.027523	40.93028052669941	0.0	-0.4237061	-0.357605
431	0.00023511	109.0	112.0	12208.0	1.027523	40.93028052669941	0.0	-0.6324463	-0.2081909
432	0.00023561	109.0	112.0	12208.0	1.027523	40.93028052669941	0.0	-0.2570801	-0.9092407
433	0.00023611	110.0	112.0	12320.0	1.018182	40.93028052669941	0.0	-0.7947998	-0.524353
434	0.00023661	110.0	111.0	12210.0	1.009091	40.56665052669941	0.0	-0.6895752	-0.6115723
435	0.00023711	109.0	112.0	12208.0	1.027523	40.93028052669941	0.0	-0.3066406	-0.6390991
436	0.00023761	109.0	111.0	12099.0	1.018349	40.56665052669941	0.0	-0.4752197	-0.5007324
437	0.00023811	110.0	110.0	12100.0	1.0	40.203010526699416	0.0	-0.08837891	-0.4001465
438	0.00023861	110.0	110.0	12100.0	1.0	40.203010526699416	0.0	-0.6982422	-0.4050293
439	0.00023911	110.0	109.0	11990.0	0.9909091	39.83937052669942	0.0	-0.472168	-0.6571655
440	0.00023961	110.0	109.0	11990.0	0.9909091	39.83937052669942	0.0	-0.4071655	-0.4150391
441	0.00024011	112.0	109.0	12208.0	0.9732143	39.83937052669942	0.0	-0.133728	-0.09564209
442	0.00024061	111.0	109.0	12099.0	0.981982	39.83937052669942	0.0	-0.4481812	-0.6392822
443	0.00024111	112.0	109.0	12208.0	0.9732143	39.83937052669942	0.0	-0.3994141	-0.6100464
444	0.00024161	112.0	108.0	12096.0	0.9642857	39.47574052669942	0.0	-0.6535645	-0.09143066
445	0.00024211	112.0	108.0	12096.0	0.9642857	39.47574052669942	0.0	-0.0657959	-0.3313599
446	0.00024261	112.0	107.0	11984.0	0.9553571	39.112100526699415	0.0	-0.6308594	-0.2218018
447	0.00024311	112.0	107.0	11984.0	0.9553571	39.112100526699415	0.0	-0.4001465	-0.3701172
448	0.00024361	112.0	108.0	12096.0	0.9642857	39.47574052669942	0.0	-0.430481	-0.2930908
449	0.00024411	112.0	107.0	11984.0	0.9553571	39.112100526699415	0.0	-0.4115601	-0.2670288
450	0.00024461	112.0	107.0	11984.0	0.9553571	39.112100526699415	0.0	-0.663269	-0.7047119
451	0.00024511	112.0	107.0	11984.0	0.9553571	39.112100526699415	0.0	-0.7522583	-0.5620117
452	0.00024561	112.0	107.0	11984.0	0.9553571	39.112100526699415	0.0	-0.600708	-0.8920288
453	0.00024611	111.0	107.0	11877.0	0.963964	39.112100526699415	0.0	-0.7996216	-0.314209
454	0.00024661	111.0	107.0	11877.0	0.963964	39.112100526699415	0.0	-0.2738647	-0.4786987
455	0.00024711	112.0	108.0	12096.0	0.9642857	39.47574052669942	0.0	-0.3015747	-0.2632446
456	0.00024761	112.0	107.0	11984.0	0.9553571	39.112100526699415	0.0	-0.4603882	-0.6532593
457	0.00024811	111.0	108.0	11988.0	0.972973	39.47574052669942	0.0	-0.34375	-0.6851807
458	0.00024861	111.0	108.0	11988.0	0.972973	39.47574052669942	0.0	-0.6046143	-0.2272339
459	0.00024911	111.0	108.0	11988.0	0.972973	39.47574052669942	0.0	-0.2768555	-0.4021606
460	0.00024961	110.0	109.0	11990.0	0.9909091	39.83937052669942	0.0	-0.2919312	-0.5151978
461	0.00025011	111.0	109.0	12099.0	0.981982	39.83937052669942	0.0	-0.0526123	-0.531189
462	0.00025061	110.0	109.0	11990.0	0.9909091	39.83937052669942	0.0	-0.2336426	-0.3549194
463	0.00025111	110.0	110.0	12100.0	1.0	40.203010526699416	0.0	-0.5144043	-0.2114258
464	0.00025161	110.0	110.0	12100.0	1.0	40.203010526699416	0.0	-0.8118286	-0.5046387
465	0.00025211	109.0	111.0	12099.0	1.018349	40.56665052669941	0.0	-0.6356812	-0.3062134
466	0.00025261	110.0	112.0	12320.0	1.018182	40.93028052669941	0.0	-0.5490723	-0.567627
467	0.00025311	110.0	112.0	12320.0	1.018182	40.93028052669941	0.0	-0.8220825	-0.4267578
468	0.00025361	109.0	112.0	12208.0	1.027523	40.93028052669941	0.0	-0.7012939	-0.8274536
469	0.00025411	109.0	112.0	12208.0	1.027523	40.93028052669941	0.0	-0.5643311	-0.4799805
470	0.00025461	109.0	112.0	12208.0	1.027523	40.93028052669941	0.0	-0.7652588	-0.4151611
471	0.00025511	108.0	112.0	12096.0	1.037037	40.93028052669941	0.0	-0.7952881	-0.4095459
472	0.00025561	108.0	112.0	12096.0	1.037037	40.93028052669941	0.0	-0.1416626	-0.508606
473	0.00025611	108.0	112.0	12096.0	1.037037	40.93028052669941	0.0	-0.4714966	-0.5918579
474	0.00025661	108.0	112.0	12096.0	1.037037	40.93028052669941	0.0	-0.7645874	-0.538208
475	0.00025711	108.0	112.0	12096.0	1.037037	40.93028052669941	0.0	-0.7529907	-0.5647583
476	0.00025761	109.0	112.0	12208.0	1.027523	40.93028052669941	0.0	-0.9338989	-0.9165649
477	0.00025811	109.0	112.0	12208.0	1.027523	40.93028052669941	0.0	-0.1386108	-0.3720703
478	0.00025861	109.0	112.0	12208.0	1.027523	40.93028052669941	0.0	-0.7028809	-0.3462524
479	0.00025911	108.0	111.0	11988.0	1.027778	40.56665052669941	0.0	-0.8375854	-0.5629883
480	0.00025961	109.0	111.0	12099.0	1.018349	40.56665052669941	0.0	-0.5404053	-0.7611694
481	0.00026011	109.0	111.0	12099.0	1.018349	40.56665052669941	0.0	-0.3191528	-0.321167
482	0.00026061	109.0	110.0	11990.0	1.009174	40.203010526699416	0.0	-0.590271	-0.1485596
483	0.00026111	109.0	110.0	11990.0	1.009174	40.203010526699416	0.0	-0.4055176	-0.503418
484	0.00026161	109.0	109.0	11881.0	1.0	39.83937052669942	0.0	-0.5252075	-0.9552612
485	0.00026211	109.0	109.0	11881.0	1.0	39.83937052669942	0.0	-0.4053345	-0.9818115
486	0.00026261	110.0	109.0	11990.0	0.9909091	39.83937052669942	0.0	-0.3831177	-0.5241699
487	0.00026311	109.0	109.0	11881.0	1.0	39.83937052669942	0.0	-0.1443481	-0.3804932
488	0.00026361	110.0	109.0	11990.0	0.9909091	39.83937052669942	0.0	-0.597168	-0.6322632
489	0.00026411	110.0	108.0	11880.0	0.9818182	39.47574052669942	0.0	-0.182312	-0.3624268
490	0.00026461	110.0	110.0	12100.0	1.0	40.203010526699416	0.0	-0.211853	-0.4577026
491	0.00026511	111.0	108.0	11988.0	0.972973	39.47574052669942	0.0	-0.289856	-0.7112427
492	0.00026561	112.0	108.0	12096.0	0.9642857	39.47574052669942	0.0	-0.7496948	-0.3901367
493	0.00026611	112.0	108.0	12096.0	0.9642857	39.47574052669942	0.0	-0.3627319	-0.428833
494	0.00026661	111.0	108.0	11988.0	0.972973	39.47574052669942	0.0	-0.4407959	-0.5747681
495	0.00026711	111.0	108.0	11988.0	0.972973	39.47574052669942	0.0	-0.3143311	-0.3791504
496	0.00026761	112.0	107.0	11984.0	0.9553571	39.112100526699415	0.0	-0.2838745	-0.5313721
497	0.00026811	111.0	107.0	11877.0	0.963964	39.112100526699415	0.0	-0.3950195	-0.2952881
498	0.00026861	111.0	107.0	11877.0	0.963964	39.112100526699415	0.0	-0.3959351	-0.3510742
499	0.00026911	112.0	108.0	12096.0	0.9642857	39.47574052669942	0.0	-0.5671997	-0.7601929
500	0.00026961	112.0	107.0	11984.0	0.9553571	39.112100526699415	0.0	-0.206543	-0.3757324
501	0.00027011	111.0	108.0	11988.0	0.972973	39.47574052669942	0.0	-0.4772949	-0.1525879
502	0.00027061	112.0	107.0	11984.0	0.9553571	39.112100526699415	0.0	-0.4714355	-0.4155273
503	0.00027111	111.0	107.0	11877.0	0.963964	39.112100526699415	0.0	-0.4295044	-0.8522339
504	0.00027161	111.0	108.0	11988.0	0.972973	39.47574052669942	0.0	-0.8169556	-0.3707275
505	0.00027211	111.0	108.0	11988.0	0.972973	39.47574052669942	0.0	-0.4332886	-0.2806396
506	0.00027261	110.0	108.0	11880.0	0.9818182	39.47574052669942	0.0	-0.4859619	-0.5545654
507	0.00027311	110.0	109.0	11990.0	0.9909091	39.83937052669942	0.0	-0.223877	-0.6797485
508	0.00027361	111.0	109.0	12099.0	0.981982	39.83937052669942	0.0	-0.4014282	-0.5234985
509	0.00027411	111.0	109.0	12099.0	0.981982	39.83937052669942	0.0	-0.1882935	-0.4402466
510	0.00027461	110.0	110.0	12100.0	1.0	40.203010526699416	0.0	-0.4544067	-0.006347656
511	0.00027511	110.0	110.0	12100.0	1.0	40.203010526699416	0.0	-0.7501831	-0.520813
512	0.00027561	110.0	110.0	12100.0	1.0	40.203010526699416	0.0	-0.4250488	-0.5770264
513	0.00027611	110.0	111.0	12210.0	1.009091	40.56665052669941	0.0	-0.1889038	-0.7369995
514	0.00027661	109.0	110.0	11990.0	1.009174	40.203010526699416	0.0	-0.1980591	-0.4960937
515	0.00027711	109.0	111.0	12099.0	1.018349	40.56665052669941	0.0	-0.7600098	-0.5557861
516	0.00027761	109.0	111.0	12099.0	1.018349	40.56665052669941	0.0	-0.2918091	-0.6287842
517	0.00027811	109.0	111.0	12099.0	1.018349	40.56665052669941	0.0	-0.4746704	-0.1021118
518	0.00027861	109.0	111.0	12099.0	1.018349	40.56665052669941	0.0	-0.6525879	-0.7324219
519	0.00027911	109.0	111.0	12099.0	1.018349	40.56665052669941	0.0	-0.8730469	-0.7998657
520	0.00027961	109.0	112.0	12208.0	1.027523	40.93028052669941	0.0	-0.234375	-0.2460937
521	0.00028011	109.0	111.0	12099.0	1.018349	40.56665052669941	0.0	-0.08752441	-0.6281128
522	0.00028061	109.0	111.0	12099.0	1.018349	40.56665052669941	0.0	-0.7358398	-0.5641479
523	0.00028111	109.0	110.0	11990.0	1.009174	40.203010526699416	0.0	-0.5641479	-0.652832
524	0.00028161	109.0	111.0	12099.0	1.018349	40.56665052669941	0.0	-0.6554565	-0.1887817
525	0.00028211	109.0	110.0	11990.0	1.009174	40.203010526699416	0.0	-0.380249	-0.6306152
526	0.00028261	109.0	110.0	11990.0	1.009174	40.203010526699416	0.0	-0.5218506	-0.8476562
527	0.00028311	110.0	111.0	12210.0	1.009091	40.56665052669941	0.0	-0.1743164	-0.4849243
528	0.00028361	109.0	110.0	11990.0	1.009174	40.203010526699416	0.0	-0.5097656	-0.4332275
529	0.00028411	110.0	110.0	12100.0	1.0	40.203010526699416	0.0	-0.5170898	-0.2269287
530	0.00028461	110.0	111.0	12210.0	1.009091	40.56665052669941	0.0	-0.3989258	-0.6763306
531	0.00028511	110.0	110.0	12100.0	1.0	40.203010526699416	0.0	-0.2587891	-0.1691284
532	0.00028561	110.0	109.0	11990.0	0.9909091	39.83937052669942	0.0	-0.2595215	-0.4401855
533	0.00028611	110.0	110.0	12100.0	1.0	40.203010526699416	0.0	-0.6893311	-0.4190063
534	0.00028661	110.0	110.0	12100.0	1.0	40.203010526699416	0.0	-0.4542236	-0.6828003
535	0.00028711	110.0	108.0	11880.0	0.9818182	39.47574052669942	0.0	-0.3580322	-0.552002
536	0.00028761	110.0	109.0	11990.0	0.9909091	39.83937052669942	0.0	0.009399414	-0.3725586
537	0.00028811	110.0	109.0	11990.0	0.9909091	39.83937052669942	0.0	-0.2365723	-0.4741211
538	0.00028861	111.0	108.0	11988.0	0.972973	39.47574052669942	0.0	-0.3792725	-0.4389648
539	0.00028911	111.0	109.0	12099.0	0.981982	39.83937052669942	0.0	-0.8098145	-0.04449463
540	0.00028961	111.0	108.0	11988.0	0.972973	39.47574052669942	0.0	-0.5650635	-0.8657837
541	0.00029011	111.0	108.0	11988.0	0.972973	39.47574052669942	0.0	-0.1418457	-0.1540527
542	0.00029061	111.0	108.0	11988.0	0.972973	39.47574052669942	0.0	-0.08361816	-0.3477783
543	0.00029111	111.0	108.0	11988.0	0.972973	39.47574052669942	0.0	-0.1733398	-0.6851196
544	0.00029161	111.0	108.0	11988.0	0.972973	39.47574052669942	0.0	-0.1678467	-0.6953125
545	0.00029211	111.0	108.0	11988.0	0.972973	39.47574052669942	0.0	-0.4857178	-0.3673096
546	0.00029261	111.0	108.0	11988.0	0.972973	39.47574052669942	0.0	-0.2542725	-0.5278931
547	0.00029311	111.0	108.0	11988.0	0.972973	39.47574052669942	0.0	-0.4324951	-0.2272339
548	0.00029361	112.0	108.0	12096.0	0.9642857	39.47574052669942	0.0	-0.7729492	-0.6013794
549	0.00029411	111.0	108.0	11988.0	0.972973	39.47574052669942	0.0	-0.4450684	-0.4890137
550	0.00029461	112.0	110.0	12320.0	0.9821429	40.203010526699416	0.0	-0.4542236	-0.5518188
551	0.00029511	111.0	109.0	12099.0	0.981982	39.83937052669942	0.0	-0.3764648	-0.8516235
552	0.00029561	110.0	109.0	11990.0	0.9909091	39.83937052669942	0.0	-0.7121582	-0.541748
553	0.00029611	111.0	108.0	11988.0	0.972973	39.47574052669942	0.0	-0.385498	-0.4022217
554	0.00029661	111.0	109.0	12099.0	0.981982	39.83937052669942	0.0	-0.01623535	-0.2384644
555	0.00029711	111.0	109.0	12099.0	0.981982	39.83937052669942	0.0	-0.2316895	-0.2935181
556	0.00029761	110.0	109.0	11990.0	0.9909091	39.83937052669942	0.0	-0.7506104	-0.7513428
557	0.00029811	110.0	110.0	12100.0	1.0	40.203010526699416	0.0	-0.2092285	-0.4263306
558	0.00029861	111.0	109.0	12099.0	0.981982	39.83937052669942	0.0	-0.3338623	-0.4958496
559	0.00029911	110.0	110.0	12100.0	1.0	40.203010526699416	0.0	-0.6520996	-0.2654419
560	0.00029961	110.0	110.0	12100.0	1.0	40.203010526699416	0.0	-0.4735107	-0.6219482
561	0.00030011	109.0	110.0	11990.0	1.009174	40.203010526699416	0.0	-0.7261963	-0.6055298
562	0.00030061	109.0	110.0	11990.0	1.009174	40.203010526699416	0.0	-0.2485352	-0.5692139
563	0.00030111	109.0	110.0	11990.0	1.009174	40.203010526699416	0.0	-0.6230469	-0.6907349
564	0.00030161	110.0	110.0	12100.0	1.0	40.203010526699416	0.0	-0.392334	-0.2544556
565	0.00030211	109.0	111.0	12099.0	1.018349	40.56665052669941	0.0	-0.7580566	-0.3248901
566	0.00030261	109.0	110.0	11990.0	1.009174	40.203010526699416	0.0	-0.5095215	-0.7753296
567	0.00030311	110.0	110.0	12100.0	1.0	40.203010526699416	0.0	-0.3811035	-0.5195312
568	0.00030361	109.0	111.0	12099.0	1.018349	40.56665052669941	0.0	-0.3852539	-0.3956299
569	0.00030411	109.0	110.0	11990.0	1.009174	40.203010526699416	0.0	-0.2509766	-0.7993164
570	0.00030461	109.0	110.0	11990.0	1.009174	40.203010526699416	0.0	-0.4217529	-0.897644
571	0.00030511	109.0	110.0	11990.0	1.009174	40.203010526699416	0.0	-0.7590332	-0.7699585
572	0.00030561	109.0	110.0	11990.0	1.009174	40.203010526699416	0.0	-0.7086182	-0.5789185
573	0.00030611	109.0	110.0	11990.0	1.009174	40.203010526699416	0.0	-0.1472168	-0.4399414
574	0.00030661	110.0	110.0	12100.0	1.0	40.203010526699416	0.0	-0.7926025	-0.5999146
575	0.00030711	110.0	110.0	12100.0	1.0	40.203010526699416	0.0	-0.4017334	-0.7554321
576	0.00030761	109.0	110.0	11990.0	1.009174	40.203010526699416	0.0	-0.1307373	-0.6034546
577	0.00030811	110.0	110.0	12100.0	1.0	40.203010526699416	0.0	-0.4287109	-0.5693359
578	0.00030861	110.0	109.0	11990.0	0.9909091	39.83937052669942	0.0	-0.723999	-0.7720947
579	0.00030911	110.0	109.0	11990.0	0.9909091	39.83937052669942	0.0	-0.2749023	-0.3677979
580	0.00030961	110.0	109.0	11990.0	0.9909091	39.83937052669942	0.0	-0.6435547	-0.565979
581	0.00031011	111.0	109.0	12099.0	0.981982	39.83937052669942	0.0	-0.2282715	-0.5183105
582	0.00031061	111.0	109.0	12099.0	0.981982	39.83937052669942	0.0	-0.1784668	-0.2798462
583	0.00031111	111.0	109.0	12099.0	0.981982	39.83937052669942	0.0	-0.6906738	-0.279541
584	0.00031161	111.0	109.0	12099.0	0.981982	39.83937052669942	0.0	-0.8242187	-0.6138916
585	0.00031211	111.0	109.0	12099.0	0.981982	39.83937052669942	0.0	-0.4180908	-0.480835
586	0.00031261	110.0	108.0	11880.0	0.9818182	39.47574052669942	0.0	-0.2629395	-0.6651001
587	0.00031311	111.0	109.0	12099.0	0.981982	39.83937052669942	0.0	-0.7371216	-0.7565918
588	0.00031361	110.0	109.0	11990.0	0.9909091	39.83937052669942	0.0	-0.09619141	-0.4926147
589	0.00031411	111.0	109.0	12099.0	0.981982	39.83937052669942	0.0	-0.3584595	-0.9320679
590	0.00031461	111.0	109.0	12099.0	0.981982	39.83937052669942	0.0	-0.3536987	-0.4559937
591	0.00031511	111.0	108.0	11988.0	0.972973	39.47574052669942	0.0	-0.6356812	-0.8256836
592	0.00031561	110.0	108.0	11880.0	0.9818182	39.47574052669942	0.0	-0.4619751	-0.5114746
593	0.00031611	110.0	109.0	11990.0	0.9909091	39.83937052669942	0.0	-0.2241211	-0.3519897
594	0.00031661	111.0	109.0	12099.0	0.981982	39.83937052669942	0.0	-0.302063	-0.652771
595	0.00031711	111.0	109.0	12099.0	0.981982	39.83937052669942	0.0	-0.3522949	-0.1755371
596	0.00031761	110.0	109.0	11990.0	0.9909091	39.83937052669942	0.0	-0.7458496	-0.3876343
597	0.00031811	110.0	109.0	11990.0	0.9909091	39.83937052669942	0.0	-0.6031494	-0.526001
598	0.00031861	110.0	109.0	11990.0	0.9909091	39.83937052669942	0.0	-0.6582031	-0.5355225
599	0.00031911	111.0	110.0	12210.0	0.990991	40.203010526699416	0.0	-0.7800903	-0.4136353
600	0.00031961	110.0	109.0	11990.0	0.9909091	39.83937052669942	0.0	-0.5635986	-0.08172607
601	0.00032011	110.0	109.0	11990.0	0.9909091	39.83937052669942	0.0	0.001037598	-0.7755737
602	0.00032061	110.0	109.0	11990.0	0.9909091	39.83937052669942	0.0	-0.2198486	-0.4019775
603	0.00032111	110.0	110.0	12100.0	1.0	40.203010526699416	0.0	-0.3850708	-0.3015747
604	0.00032161	110.0	110.0	12100.0	1.0	40.203010526699416	0.0	-0.4489136	-0.3452759
605	0.00032211	109.0	110.0	11990.0	1.009174	40.203010526699416	0.0	-0.661499	-0.8104248
606	0.00032261	110.0	110.0	12100.0	1.0	40.203010526699416	0.0	-0.5149536	-0.7698364
607	0.00032311	109.0	110.0	11990.0	1.009174	40.203010526699416	0.0	-0.8562622	-0.836731
608	0.00032361	109.0	110.0	11990.0	1.009174	40.203010526699416	0.0	-0.4417114	-0.4725342
609	0.00032411	110.0	109.0	11990.0	0.9909091	39.83937052669942	0.0	-0.428772	-0.3067017
610	0.00032461	109.0	110.0	11990.0	1.009174	40.203010526699416	0.0	-0.2618408	-0.3929443
611	0.00032511	109.0	110.0	11990.0	1.009174	40.203010526699416	0.0	-0.159668	-0.9233398
612	0.00032561	108.0	110.0	11880.0	1.018519	40.203010526699416	0.0	-0.5532837	-0.5541382
613	0.00032611	109.0	110.0	11990.0	1.009174	40.203010526699416	0.0	-0.6453247	-0.2110596
614	0.00032661	109.0	110.0	11990.0	1.009174	40.203010526699416	0.0	-0.5078125	-0.5259399
615	0.00032711	109.0	110.0	11990.0	1.009174	40.203010526699416	0.0	-0.2462158	-0.6936035
616	0.00032761	108.0	110.0	11880.0	1.018519	40.203010526699416	0.0	-0.4232788	-0.8516235
617	0.00032811	108.0	110.0	11880.0	1.018519	40.203010526699416	0.0	-0.08703613	-0.5761719
618	0.00032861	108.0	110.0	11880.0	1.018519	40.203010526699416	0.0	-0.5875244	-0.5391846
619	0.00032911	109.0	110.0	11990.0	1.009174	40.203010526699416	0.0	-0.4468994	-0.7557983
620	0.00032961	109.0	109.0	11881.0	1.0	39.83937052669942	0.0	-0.1862183	-0.5528564
621	0.00033011	108.0	109.0	11772.0	1.009259	39.83937052669942	0.0	-0.647522	-0.7752686
622	0.00033061	109.0	109.0	11881.0	1.0	39.83937052669942	0.0	0.03277588	-0.8225098
623	0.00033111	108.0	109.0	11772.0	1.009259	39.83937052669942	0.0	-0.8562012	-0.7623291
624	0.00033161	109.0	109.0	11881.0	1.0	39.83937052669942	0.0	-0.9501343	-0.4684448
625	0.00033211	109.0	109.0	11881.0	1.0	39.83937052669942	0.0	-0.3685913	-0.4519653
626	0.00033261	109.0	109.0	11881.0	1.0	39.83937052669942	0.0	-0.1419678	-0.6165161
627	0.00033311	109.0	108.0	11772.0	0.9908257	39.47574052669942	0.0	0.02996826	-0.8942261
628	0.00033361	110.0	109.0	11990.0	0.9909091	39.83937052669942	0.0	-0.01055908	-0.6633911
629	0.00033411	110.0	110.0	12100.0	1.0	40.203010526699416	0.0	-0.3136597	-0.2832031
630	0.00033461	110.0	110.0	12100.0	1.0	40.203010526699416	0.0	-0.6549072	-0.3594971
631	0.00033511	111.0	110.0	12210.0	0.990991	40.203010526699416	0.0	-0.4877319	-0.7440186
632	0.00033561	111.0	109.0	12099.0	0.981982	39.83937052669942	0.0	-0.2580566	-0.7301636
633	0.00033611	111.0	109.0	12099.0	0.981982	39.83937052669942	0.0	0.0244751	-0.6072998
634	0.00033661	111.0	109.0	12099.0	0.981982	39.83937052669942	0.0	-0.5360718	-0.6801758
635	0.00033711	110.0	109.0	11990.0	0.9909091	39.83937052669942	0.0	-0.3635254	-0.5296631
636	0.00033761	110.0	108.0	11880.0	0.9818182	39.47574052669942	0.0	-0.4716187	-0.3317871
637	0.00033811	111.0	109.0	12099.0	0.981982	39.83937052669942	0.0	-0.07397461	-0.3126831
638	0.00033861	111.0	109.0	12099.0	0.981982	39.83937052669942	0.0	-0.4650269	-0.03344727
639	0.00033911	110.0	109.0	11990.0	0.9909091	39.83937052669942	0.0	-0.621521	-0.6584473
640	0.00033961	110.0	108.0	11880.0	0.9818182	39.47574052669942	0.0	-0.3452759	-0.5346069
641	0.00034011	111.0	109.0	12099.0	0.981982	39.83937052669942	0.0	-0.2937012	-0.9146729
642	0.00034061	110.0	108.0	11880.0	0.9818182	39.47574052669942	0.0	-0.4244995	-0.6120605
643	0.00034111	111.0	109.0	12099.0	0.981982	39.83937052669942	0.0	-0.1868896	-0.5532227
644	0.00034161	111.0	109.0	12099.0	0.981982	39.83937052669942	0.0	-0.3134155	-0.668457
645	0.00034211	111.0	109.0	12099.0	0.981982	39.83937052669942	0.0	0.02056885	-0.8046265
646	0.00034261	110.0	109.0	11990.0	0.9909091	39.83937052669942	0.0	-0.4440308	-0.1890869
647	0.00034311	110.0	110.0	12100.0	1.0	40.203010526699416	0.0	-0.4152222	-0.2727661
648	0.00034361	110.0	109.0	11990.0	0.9909091	39.83937052669942	0.0	-0.4816895	-0.3948975
649	0.00034411	110.0	109.0	11990.0	0.9909091	39.83937052669942	0.0	-0.2958984	-0.6222534
650	0.00034461	110.0	109.0	11990.0	0.9909091	39.83937052669942	0.0	-0.6573486	-0.08813477
651	0.00034511	110.0	109.0	11990.0	0.9909091	39.83937052669942	0.0	-0.4041748	-0.1343384
652	0.00034561	110.0	110.0	12100.0	1.0	40.203010526699416	0.0	-0.3123779	-0.2815552
653	0.00034611	111.0	109.0	12099.0	0.981982	39.83937052669942	0.0	-0.3155518	-0.4403687
654	0.00034661	110.0	110.0	12100.0	1.0	40.203010526699416	0.0	-0.7514648	-0.6837158
655	0.00034711	110.0	110.0	12100.0	1.0	40.203010526699416	0.0	-0.6768799	-0.2920532
656	0.00034761	110.0	110.0	12100.0	1.0	40.203010526699416	0.0	-0.8050537	-0.4807129
657	0.00034811	109.0	111.0	12099.0	1.018349	40.56665052669941	0.0	-0.5072021	-0.446228
658	0.00034861	110.0	111.0	12210.0	1.009091	40.56665052669941	0.0	-0.2497559	-0.4405518
659	0.00034911	110.0	110.0	12100.0	1.0	40.203010526699416	0.0	-0.2758789	-0.2909546
660	0.00034961	110.0	110.0	12100.0	1.0	40.203010526699416	0.0	-0.7078857	-0.583374
661	0.00035011	110.0	110.0	12100.0	1.0	40.203010526699416	0.0	-0.5391846	-0.3411865
662	0.00035061	110.0	110.0	12100.0	1.0	40.203010526699416	0.0	-0.5002441	-0.1819458
663	0.00035111	110.0	110.0	12100.0	1.0	40.203010526699416	0.0	-0.1602783	-0.4051514
664	0.00035161	110.0	110.0	12100.0	1.0	40.203010526699416	0.0	-0.6118164	-0.1148682
665	0.00035211	109.0	110.0	11990.0	1.009174	40.203010526699416	0.0	-0.1779785	-0.5092773
666	0.00035261	110.0	110.0	12100.0	1.0	40.203010526699416	0.0	-0.3592529	-0.7548218
667	0.00035311	110.0	110.0	12100.0	1.0	40.203010526699416	0.0	-0.6373291	-0.621582
668	0.00035361	110.0	110.0	12100.0	1.0	40.203010526699416	0.0	-0.6343994	-0.2096558
669	0.00035411	110.0	110.0	12100.0	1.0	40.203010526699416	0.0	-0.04577637	-0.8555908
670	0.00035461	110.0	110.0	12100.0	1.0	40.203010526699416	0.0	-0.5668945	-0.03222656
671	0.00035511	110.0	109.0	11990.0	0.9909091	39.83937052669942	0.0	-0.2608643	-0.307373
672	0.00035561	110.0	110.0	12100.0	1.0	40.203010526699416	0.0	-0.7601318	-0.3946533
673	0.00035611	111.0	110.0	12210.0	0.990991	40.203010526699416	0.0	-0.6798096	-0.6991577
674	0.00035661	111.0	109.0	12099.0	0.981982	39.83937052669942	0.0	-0.5881348	-0.6091919
675	0.00035711	111.0	109.0	12099.0	0.981982	39.83937052669942	0.0	-0.8452148	-0.4257202
676	0.00035761	110.0	109.0	11990.0	0.9909091	39.83937052669942	0.0	-0.8051758	-0.6010132
677	0.00035811	110.0	109.0	11990.0	0.9909091	39.83937052669942	0.0	-0.6721191	-0.5785522
678	0.00035861	111.0	109.0	12099.0	0.981982	39.83937052669942	0.0	-0.8366699	-0.256897
679	0.00035911	110.0	109.0	11990.0	0.9909091	39.83937052669942	0.0	-0.08068848	-0.5007935
680	0.00035961	110.0	110.0	12100.0	1.0	40.203010526699416	0.0	-0.324707	-0.4606323
681	0.00036011	110.0	108.0	11880.0	0.9818182	39.47574052669942	0.0	-0.3082275	-0.2686768
682	0.00036061	111.0	109.0	12099.0	0.981982	39.83937052669942	0.0	-0.4703369	-0.5264893
683	0.00036111	110.0	109.0	11990.0	0.9909091	39.83937052669942	0.0	-0.385498	-0.6824341
684	0.00036161	109.0	108.0	11772.0	0.9908257	39.47574052669942	0.0	-0.7001343	-0.5337524
685	0.00036211	111.0	109.0	12099.0	0.981982	39.83937052669942	0.0	-0.7025146	-0.357605
686	0.00036261	109.0	109.0	11881.0	1.0	39.83937052669942	0.0	-0.03955078	-0.677063
687	0.00036311	111.0	110.0	12210.0	0.990991	40.203010526699416	0.0	-0.2597656	-0.6613159
688	0.00036361	109.0	109.0	11881.0	1.0	39.83937052669942	0.0	-0.2233887	-0.7672729
689	0.00036411	111.0	110.0	12210.0	0.990991	40.203010526699416	0.0	-0.3641357	-0.2268066
690	0.00036461	111.0	110.0	12210.0	0.990991	40.203010526699416	0.0	-0.399292	-0.0635376
691	0.00036511	111.0	110.0	12210.0	0.990991	40.203010526699416	0.0	-0.5377197	-0.2987061
692	0.00036561	110.0	110.0	12100.0	1.0	40.203010526699416	0.0	-0.2872925	-0.4857788
693	0.00036611	111.0	110.0	12210.0	0.990991	40.203010526699416	0.0	-0.664856	-0.5735474
694	0.00036661	109.0	110.0	11990.0	1.009174	40.203010526699416	0.0	-0.4661865	-0.7161255
695	0.00036711	111.0	109.0	12099.0	0.981982	39.83937052669942	0.0	-0.4783325	-0.6102905
696	0.00036761	111.0	110.0	12210.0	0.990991	40.203010526699416	0.0	-0.3031006	-0.6333008
697	0.00036811	108.0	109.0	11772.0	1.009259	39.83937052669942	0.0	-0.6384888	-0.5257568
698	0.00036861	109.0	109.0	11881.0	1.0	39.83937052669942	0.0	-0.3226929	-0.3792114
699	0.00036911	111.0	110.0	12210.0	0.990991	40.203010526699416	0.0	-0.2787476	-0.5402222
700	0.00036961	110.0	110.0	12100.0	1.0	40.203010526699416	0.0	-0.592041	-0.7927246
701	0.00037011	109.0	109.0	11881.0	1.0	39.83937052669942	0.0	-0.5426636	-0.1049194
702	0.00037061	110.0	110.0	12100.0	1.0	40.203010526699416	0.0	-0.5073242	-0.6224365
703	0.00037111	110.0	111.0	12210.0	1.009091	40.56665052669941	0.0	-0.5432739	-0.7536621
704	0.00037161	110.0	110.0	12100.0	1.0	40.203010526699416	0.0	-0.7067871	-0.5409546
705	0.00037211	109.0	110.0	11990.0	1.009174	40.203010526699416	0.0	-0.5557861	-0.6240234
706	0.00037261	110.0	110.0	12100.0	1.0	40.203010526699416	0.0	-0.4893799	-0.4216919
707	0.00037311	111.0	112.0	12432.0	1.009009	40.93028052669941	0.0	-0.2868652	-0.8111572
708	0.00037361	109.0	110.0	11990.0	1.009174	40.203010526699416	0.0	-0.2681885	-0.6676636
709	0.00037411	111.0	111.0	12321.0	1.0	40.56665052669941	0.0	-0.4064331	-0.315918
710	0.00037461	110.0	111.0	12210.0	1.009091	40.56665052669941	0.0	-0.09020996	-0.2188721
711	0.00037511	110.0	111.0	12210.0	1.009091	40.56665052669941	0.0	-0.5889893	-0.6160278
712	0.00037561	111.0	111.0	12321.0	1.0	40.56665052669941	0.0	-0.376709	-0.6112671
713	0.00037611	110.0	110.0	12100.0	1.0	40.203010526699416	0.0	-0.5657959	-0.4706421
714	0.00037661	110.0	110.0	12100.0	1.0	40.203010526699416	0.0	-0.4216919	-0.5546875
715	0.00037711	110.0	111.0	12210.0	1.009091	40.56665052669941	0.0	-0.4960327	-0.3098755
716	0.00037761	111.0	110.0	12210.0	0.990991	40.203010526699416	0.0	-0.4998169	-0.5281372
717	0.00037811	110.0	110.0	12100.0	1.0	40.203010526699416	0.0	-0.1621704	-0.3364868
718	0.00037861	111.0	110.0	12210.0	0.990991	40.203010526699416	0.0	-0.7937012	-0.7304077
719	0.00037911	111.0	110.0	12210.0	0.990991	40.203010526699416	0.0	-0.2003784	-0.321228
720	0.00037961	111.0	110.0	12210.0	0.990991	40.203010526699416	0.0	-0.3248291	-0.2903442
721	0.00038011	110.0	109.0	11990.0	0.9909091	39.83937052669942	0.0	-0.3135376	-0.4536743
722	0.00038061	110.0	110.0	12100.0	1.0	40.203010526699416	0.0	-0.4432983	-0.2950439
723	0.00038111	110.0	109.0	11990.0	0.9909091	39.83937052669942	0.0	-0.5704956	-0.4550171
724	0.00038161	111.0	110.0	12210.0	0.990991	40.203010526699416	0.0	-0.6817627	-0.215332
725	0.00038211	111.0	109.0	12099.0	0.981982	39.83937052669942	0.0	-0.2542114	-0.6990356
726	0.00038261	111.0	110.0	12210.0	0.990991	40.203010526699416	0.0	-0.4798584	-0.2226562
727	0.00038311	111.0	109.0	12099.0	0.981982	39.83937052669942	0.0	-0.5424194	-0.6381836
728	0.00038361	111.0	109.0	12099.0	0.981982	39.83937052669942	0.0	-0.5858765	-0.6879883
729	0.00038411	111.0	109.0	12099.0	0.981982	39.83937052669942	0.0	-0.567627	-0.1723633
730	0.00038461	110.0	110.0	12100.0	1.0	40.203010526699416	0.0	-0.4822998	-0.5667725
731	0.00038511	109.0	109.0	11881.0	1.0	39.83937052669942	0.0	-0.4041748	-0.7774658
732	0.00038561	110.0	108.0	11880.0	0.9818182	39.47574052669942	0.0	-0.6218872	-0.6675415
733	0.00038611	109.0	108.0	11772.0	0.9908257	39.47574052669942	0.0	-0.4055176	-0.7265015
734	0.00038661	109.0	108.0	11772.0	0.9908257	39.47574052669942	0.0	-0.6196289	-0.7483521
735	0.00038711	111.0	110.0	12210.0	0.990991	40.203010526699416	0.0	-0.62677	-0.6205444
736	0.00038761	111.0	109.0	12099.0	0.981982	39.83937052669942	0.0	-0.6534424	-0.3496094
737	0.00038811	110.0	110.0	12100.0	1.0	40.203010526699416	0.0	-0.1585693	-0.6403198
738	0.00038861	111.0	110.0	12210.0	0.990991	40.203010526699416	0.0	-0.7744141	-0.2915039
739	0.00038911	111.0	109.0	12099.0	0.981982	39.83937052669942	0.0	-0.6130371	-0.562439
740	0.00038961	110.0	110.0	12100.0	1.0	40.203010526699416	0.0	-0.6507568	-0.1923218
741	0.00039011	110.0	110.0	12100.0	1.0	40.203010526699416	0.0	-0.1673584	-0.7299194
742	0.00039061	110.0	110.0	12100.0	1.0	40.203010526699416	0.0	-0.1216431	-0.6556396
743	0.00039111	110.0	109.0	11990.0	0.9909091	39.83937052669942	0.0	-0.5597534	-0.08966064
744	0.00039161	110.0	109.0	11990.0	0.9909091	39.83937052669942	0.0	-0.3963623	-0.3483276
745	0.00039211	111.0	110.0	12210.0	0.990991	40.203010526699416	0.0	-0.810791	-0.5219727
746	0.00039261	110.0	110.0	12100.0	1.0	40.203010526699416	0.0	-0.510437	-0.5166626
747	0.00039311	110.0	110.0	12100.0	1.0	40.203010526699416	0.0	-0.3493042	-0.2004395
748	0.00039361	110.0	110.0	12100.0	1.0	40.203010526699416	0.0	-0.439209	-0.55896
749	0.00039411	110.0	110.0	12100.0	1.0	40.203010526699416	0.0	-0.159729	-0.1253052
750	0.00039461	110.0	110.0	12100.0	1.0	40.203010526699416	0.0	-0.8863525	-0.1283569
751	0.00039511	110.0	110.0	12100.0	1.0	40.203010526699416	0.0	-0.894165	-0.5600586
752	0.00039561	109.0	111.0	12099.0	1.018349	40.56665052669941	0.0	-0.4942627	-0.5084839
753	0.00039611	110.0	110.0	12100.0	1.0	40.203010526699416	0.0	-0.01574707	-0.7307739
754	0.00039661	111.0	110.0	12210.0	0.990991	40.203010526699416	0.0	-0.2963867	-0.5557251
755	0.00039711	110.0	110.0	12100.0	1.0	40.203010526699416	0.0	-0.4459839	-0.8621826
756	0.00039761	110.0	110.0	12100.0	1.0	40.203010526699416	0.0	-0.4056396	-0.5736084
757	0.00039811	110.0	110.0	12100.0	1.0	40.203010526699416	0.0	-0.03918457	-0.1569824
758	0.00039861	109.0	110.0	11990.0	1.009174	40.203010526699416	0.0	-0.5946655	-0.5393677
759	0.00039911	110.0	110.0	12100.0	1.0	40.203010526699416	0.0	-0.8237915	-0.7511597
760	0.00039961	110.0	110.0	12100.0	1.0	40.203010526699416	0.0	-0.1766357	-0.5402832
761	0.00040011	110.0	110.0	12100.0	1.0	40.203010526699416	0.0	-0.04608154	-0.3931885
762	0.00040061	110.0	110.0	12100.0	1.0	40.203010526699416	0.0	-0.6721802	-0.4456787
763	0.00040111	110.0	110.0	12100.0	1.0	40.203010526699416	0.0	0.004882812	-0.1643066
764	0.00040161	110.0	109.0	11990.0	0.9909091	39.83937052669942	0.0	-0.3236694	-0.6968384
765	0.00040211	110.0	111.0	12210.0	1.009091	40.56665052669941	0.0	-0.4059448	-0.4204102
766	0.00040261	110.0	110.0	12100.0	1.0	40.203010526699416	0.0	-0.5817871	-0.5545654
767	0.00040311	111.0	109.0	12099.0	0.981982	39.83937052669942	0.0	-0.7478638	-0.3950806
768	0.00040361	111.0	109.0	12099.0	0.981982	39.83937052669942	0.0	-0.512146	-0.4943848
769	0.00040411	110.0	109.0	11990.0	0.9909091	39.83937052669942	0.0	-0.5466309	-0.2247925
770	0.00040461	110.0	110.0	12100.0	1.0	40.203010526699416	0.0	-0.378418	-0.3743896
771	0.00040511	110.0	109.0	11990.0	0.9909091	39.83937052669942	0.0	-0.4592285	-0.8736572
772	0.00040561	110.0	110.0	12100.0	1.0	40.203010526699416	0.0	-0.251709	-0.7091675
773	0.00040611	110.0	110.0	12100.0	1.0	40.203010526699416	0.0	-0.4712524	-0.3555298
774	0.00040661	111.0	109.0	12099.0	0.981982	39.83937052669942	0.0	-0.3130493	-0.3178101
775	0.00040711	110.0	109.0	11990.0	0.9909091	39.83937052669942	0.0	-0.2351685	-0.7965088
776	0.00040761	110.0	109.0	11990.0	0.9909091	39.83937052669942	0.0	-0.6482544	-0.4898682
777	0.00040811	110.0	110.0	12100.0	1.0	40.203010526699416	0.0	-0.2480469	-0.2396851
778	0.00040861	110.0	109.0	11990.0	0.9909091	39.83937052669942	0.0	-0.3255615	-0.3552856
779	0.00040911	110.0	109.0	11990.0	0.9909091	39.83937052669942	0.0	-0.8218994	-0.477478
780	0.00040961	111.0	109.0	12099.0	0.981982	39.83937052669942	0.0	-0.6140137	-0.6923828
781	0.00041011	110.0	109.0	11990.0	0.9909091	39.83937052669942	0.0	-0.3978271	-0.6295166
782	0.00041061	111.0	110.0	12210.0	0.990991	40.203010526699416	0.0	-0.2532959	-0.4584961
783	0.00041111	110.0	110.0	12100.0	1.0	40.203010526699416	0.0	-0.2399902	-0.6990356
784	0.00041161	110.0	109.0	11990.0	0.9909091	39.83937052669942	0.0	-0.4960937	-0.6330566
785	0.00041211	111.0	110.0	12210.0	0.990991	40.203010526699416	0.0	-0.1828613	-0.3528442
786	0.00041261	110.0	110.0	12100.0	1.0	40.203010526699416	0.0	-0.5429687	-0.7074585
787	0.00041311	110.0	110.0	12100.0	1.0	40.203010526699416	0.0	-0.4849854	-0.7570801
788	0.00041361	110.0	109.0	11990.0	0.9909091	39.83937052669942	0.0	-0.413208	-0.5898437
789	0.00041411	110.0	109.0	11990.0	0.9909091	39.83937052669942	0.0	-0.3135986	-0.6248779
790	0.00041461	110.0	110.0	12100.0	1.0	40.203010526699416	0.0	-0.2258301	-0.2408447
791	0.00041511	109.0	109.0	11881.0	1.0	39.83937052669942	0.0	-0.7199707	-0.6425781
792	0.00041561	110.0	110.0	12100.0	1.0	40.203010526699416	0.0	-0.322998	-0.4030762
793	0.00041611	110.0	110.0	12100.0	1.0	40.203010526699416	0.0	-0.2155762	-0.4959106
794	0.00041661	110.0	110.0	12100.0	1.0	40.203010526699416	0.0	-0.8708496	-0.522644
795	0.00041711	110.0	110.0	12100.0	1.0	40.203010526699416	0.0	-0.7333984	-0.3554077
796	0.00041761	111.0	110.0	12210.0	0.990991	40.203010526699416	0.0	-0.1661377	-0.5090942
797	0.00041811	110.0	110.0	12100.0	1.0	40.203010526699416	0.0	-0.7304687	-0.5950317
798	0.00041861	110.0	110.0	12100.0	1.0	40.203010526699416	0.0	-0.2143555	-0.1068726
799	0.00041911	110.0	110.0	12100.0	1.0	40.203010526699416	0.0	-0.4967041	-0.4575195
800	0.00041961	110.0	110.0	12100.0	1.0	40.203010526699416	0.0	-0.9123535	-0.5114746
801	0.00042011	110.0	110.0	12100.0	1.0	40.203010526699416	0.0	-0.5749512	-0.4338379
802	0.00042061	110.0	109.0	11990.0	0.9909091	39.83937052669942	0.0	-0.0736084	-0.5584717
803	0.00042111	111.0	110.0	12210.0	0.990991	40.203010526699416	0.0	-0.8088379	-0.6046143
804	0.00042161	111.0	110.0	12210.0	0.990991	40.203010526699416	0.0	-0.04394531	-0.6605835
805	0.00042211	110.0	109.0	11990.0	0.9909091	39.83937052669942	0.0	-0.5596924	-0.6981812
806	0.00042261	110.0	109.0	11990.0	0.9909091	39.83937052669942	0.0	-0.4404297	-0.8084106
807	0.00042311	111.0	110.0	12210.0	0.990991	40.203010526699416	0.0	-0.7728271	-0.3638306
808	0.00042361	110.0	110.0	12100.0	1.0	40.203010526699416	0.0	-0.4342041	-0.2163696
809	0.00042411	110.0	110.0	12100.0	1.0	40.203010526699416	0.0	-0.3979492	-0.6398926
810	0.00042461	110.0	110.0	12100.0	1.0	40.203010526699416	0.0	-0.02124023	-0.6207275
811	0.00042511	111.0	109.0	12099.0	0.981982	39.83937052669942	0.0	-0.3828125	-0.5744629
812	0.00042561	110.0	109.0	11990.0	0.9909091	39.83937052669942	0.0	-0.3139038	-0.1828613
813	0.00042611	110.0	110.0	12100.0	1.0	40.203010526699416	0.0	-0.6048584	-0.4937744
814	0.00042661	111.0	110.0	12210.0	0.990991	40.203010526699416	0.0	-0.5092163	-0.2009888
815	0.00042711	111.0	109.0	12099.0	0.981982	39.83937052669942	0.0	-0.4214478	-0.482605
816	0.00042761	110.0	110.0	12100.0	1.0	40.203010526699416	0.0	-0.6647339	-0.4309082
817	0.00042811	109.0	109.0	11881.0	1.0	39.83937052669942	0.0	-0.5365601	-0.3164673
818	0.00042861	110.0	110.0	12100.0	1.0	40.203010526699416	0.0	-0.8424072	-0.3588867
819	0.00042911	110.0	110.0	12100.0	1.0	40.203010526699416	0.0	-0.5985718	-0.5216675
820	0.00042961	110.0	110.0	12100.0	1.0	40.203010526699416	0.0	-0.2609863	-0.5352783
821	0.00043011	110.0	109.0	11990.0	0.9909091	39.83937052669942	0.0	-0.7458496	-0.708374
822	0.00043061	110.0	110.0	12100.0	1.0	40.203010526699416	0.0	-0.7035522	-0.5794067
823	0.00043111	111.0	110.0	12210.0	0.990991	40.203010526699416	0.0	-0.6487427	-0.3648682
824	0.00043161	110.0	110.0	12100.0	1.0	40.203010526699416	0.0	-0.7159424	-0.5813599
825	0.00043211	110.0	110.0	12100.0	1.0	40.203010526699416	0.0	-0.524231	-0.4220581
826	0.00043261	111.0	109.0	12099.0	0.981982	39.83937052669942	0.0	-0.4349365	-0.6546021
827	0.00043311	110.0	110.0	12100.0	1.0	40.203010526699416	0.0	-0.2974854	-0.3045044
828	0.00043361	111.0	110.0	12210.0	0.990991	40.203010526699416	0.0	-0.3551636	-0.4595337
829	0.00043411	110.0	109.0	11990.0	0.9909091	39.83937052669942	0.0	-0.2646484	-0.5609741
830	0.00043461	110.0	109.0	11990.0	0.9909091	39.83937052669942	0.0	-0.3147583	-0.6018066
831	0.00043511	110.0	110.0	12100.0	1.0	40.203010526699416	0.0	-0.2139893	-0.1555176
832	0.00043561	111.0	110.0	12210.0	0.990991	40.203010526699416	0.0	-0.4918823	-0.1398926
833	0.00043611	111.0	110.0	12210.0	0.990991	40.203010526699416	0.0	-0.7481689	-0.2295532
834	0.00043661	109.0	110.0	11990.0	1.009174	40.203010526699416	0.0	-0.473999	-0.840271
835	0.00043711	111.0	110.0	12210.0	0.990991	40.203010526699416	0.0	-0.6605835	-0.5567627
836	0.00043761	110.0	110.0	12100.0	1.0	40.203010526699416	0.0	-0.6209717	-0.4630737
837	0.00043811	110.0	110.0	12100.0	1.0	40.203010526699416	0.0	-0.4903564	-0.5012207
838	0.00043861	110.0	110.0	12100.0	1.0	40.203010526699416	0.0	-0.6355591	-0.5877075
839	0.00043911	110.0	110.0	12100.0	1.0	40.203010526699416	0.0	-0.302002	-0.7398071
840	0.00043961	109.0	109.0	11881.0	1.0	39.83937052669942	0.0	-0.6167603	-1.026367
841	0.00044011	110.0	110.0	12100.0	1.0	40.203010526699416	0.0	-0.6459961	-0.633667
842	0.00044061	110.0	110.0	12100.0	1.0	40.203010526699416	0.0	-0.4040527	-0.3184814
843	0.00044111	110.0	110.0	12100.0	1.0	40.203010526699416	0.0	-0.1552124	-0.6303101
844	0.00044161	110.0	110.0	12100.0	1.0	40.203010526699416	0.0	-0.7796631	-0.01513672
845	0.00044211	108.0	109.0	11772.0	1.009259	39.83937052669942	0.0	-0.5844727	-0.4710083
846	0.00044261	110.0	110.0	12100.0	1.0	40.203010526699416	0.0	-0.3210449	-0.2363892
847	0.00044311	108.0	109.0	11772.0	1.009259	39.83937052669942	0.0	-0.4934692	-0.5074463
848	0.00044361	110.0	110.0	12100.0	1.0	40.203010526699416	0.0	-0.7189331	-0.6054687
849	0.00044411	108.0	109.0	11772.0	1.009259	39.83937052669942	0.0	-0.208252	-0.4748535
850	0.00044461	110.0	110.0	12100.0	1.0	40.203010526699416	0.0	-0.3487549	-0.7775879
851	0.00044511	111.0	110.0	12210.0	0.990991	40.203010526699416	0.0	-0.08044434	-0.5874023
852	0.00044561	111.0	110.0	12210.0	0.990991	40.203010526699416	0.0	-0.5553589	-0.5791626
853	0.00044611	110.0	109.0	11990.0	0.9909091	39.83937052669942	0.0	-0.4579468	-0.9406738
854	0.00044661	111.0	110.0	12210.0	0.990991	40.203010526699416	0.0	-0.8309326	-0.4243774
855	0.00044711	111.0	110.0	12210.0	0.990991	40.203010526699416	0.0	-0.8078003	-0.4570312
856	0.00044761	110.0	110.0	12100.0	1.0	40.203010526699416	0.0	-0.7028198	-0.6472778
857	0.00044811	110.0	109.0	11990.0	0.9909091	39.83937052669942	0.0	-0.5464478	-0.2053223
858	0.00044861	111.0	110.0	12210.0	0.990991	40.203010526699416	0.0	-0.5102539	-0.2241211
859	0.00044911	110.0	110.0	12100.0	1.0	40.203010526699416	0.0	-0.4047241	-0.3942871
860	0.00044961	110.0	110.0	12100.0	1.0	40.203010526699416	0.0	-0.8469238	-0.4718018
861	0.00045011	110.0	110.0	12100.0	1.0	40.203010526699416	0.0	-0.5755005	-0.5928955
862	0.00045061	110.0	109.0	11990.0	0.9909091	39.83937052669942	0.0	-0.4272461	-0.8024292
863	0.00045111	110.0	110.0	12100.0	1.0	40.203010526699416	0.0	-0.4707642	-0.2706909
864	0.00045161	110.0	109.0	11990.0	0.9909091	39.83937052669942	0.0	-0.4596558	-0.4966431
865	0.00045211	110.0	110.0	12100.0	1.0	40.203010526699416	0.0	-0.6204224	-0.3342285
866	0.00045261	109.0	109.0	11881.0	1.0	39.83937052669942	0.0	-0.295105	-0.2875977
867	0.00045311	111.0	110.0	12210.0	0.990991	40.203010526699416	0.0	-0.7611694	-0.3051758
868	0.00045361	110.0	110.0	12100.0	1.0	40.203010526699416	0.0	-0.2088623	-0.5706177
869	0.00045411	109.0	109.0	11881.0	1.0	39.83937052669942	0.0	-0.5378418	-0.7332764
870	0.00045461	111.0	110.0	12210.0	0.990991	40.203010526699416	0.0	-0.4133911	-0.3760986
871	0.00045511	111.0	109.0	12099.0	0.981982	39.83937052669942	0.0	-0.4921875	-0.2526855
872	0.00045561	110.0	110.0	12100.0	1.0	40.203010526699416	0.0	-0.6929321	-0.4075928
873	0.00045611	111.0	109.0	12099.0	0.981982	39.83937052669942	0.0	-0.4956055	-0.1685181
874	0.00045661	111.0	110.0	12210.0	0.990991	40.203010526699416	0.0	-0.1717529	-0.8654175
875	0.00045711	110.0	110.0	12100.0	1.0	40.203010526699416	0.0	-0.6765747	-0.3250122
876	0.00045761	110.0	109.0	11990.0	0.9909091	39.83937052669942	0.0	-0.3103027	-0.0894165
877	0.00045811	110.0	109.0	11990.0	0.9909091	39.83937052669942	0.0	-0.7077026	-0.6600952
878	0.00045861	110.0	110.0	12100.0	1.0	40.203010526699416	0.0	-0.2296143	-0.2241211
879	0.00045911	110.0	109.0	11990.0	0.9909091	39.83937052669942	0.0	-0.5405884	-0.6497192
880	0.00045961	110.0	110.0	12100.0	1.0	40.203010526699416	0.0	-0.2997437	-0.9395142
881	0.00046011	110.0	109.0	11990.0	0.9909091	39.83937052669942	0.0	-0.4492798	-0.8123779
882	0.00046061	110.0	110.0	12100.0	1.0	40.203010526699416	0.0	-0.6082153	-0.6665039
883	0.00046111	110.0	109.0	11990.0	0.9909091	39.83937052669942	0.0	-0.6077881	-0.9285889
884	0.00046161	110.0	110.0	12100.0	1.0	40.203010526699416	0.0	-0.3470459	-0.5913696
885	0.00046211	110.0	109.0	11990.0	0.9909091	39.83937052669942	0.0	-0.6491699	-0.3203735
886	0.00046261	110.0	109.0	11990.0	0.9909091	39.83937052669942	0.0	-0.4901123	-0.5778198
887	0.00046311	111.0	110.0	12210.0	0.990991	40.203010526699416	0.0	-0.2434082	-0.5001221
888	0.00046361	111.0	111.0	12321.0	1.0	40.56665052669941	0.0	-0.5376587	-0.7841797
889	0.00046411	110.0	110.0	12100.0	1.0	40.203010526699416	0.0	-0.8276978	-0.6708374
890	0.00046461	109.0	109.0	11881.0	1.0	39.83937052669942	0.0	-0.132019	-0.5493164
891	0.00046511	110.0	110.0	12100.0	1.0	40.203010526699416	0.0	-0.454834	-0.7761841
892	0.00046561	111.0	110.0	12210.0	0.990991	40.203010526699416	0.0	-0.4819336	-0.3590698
893	0.00046611	110.0	109.0	11990.0	0.9909091	39.83937052669942	0.0	-0.7752075	-0.4216309
894	0.00046661	110.0	109.0	11990.0	0.9909091	39.83937052669942	0.0	-0.4650879	-0.520752
895	0.00046711	110.0	110.0	12100.0	1.0	40.203010526699416	0.0	-0.6451416	-0.4545288
896	0.00046761	110.0	110.0	12100.0	1.0	40.203010526699416	0.0	-0.4319458	-0.4457397
897	0.00046811	109.0	109.0	11881.0	1.0	39.83937052669942	0.0	-0.04699707	-0.8598022
898	0.00046861	111.0	110.0	12210.0	0.990991	40.203010526699416	0.0	-0.4887695	-0.4277954
899	0.00046911	109.0	109.0	11881.0	1.0	39.83937052669942	0.0	-0.1571045	-0.8184814
900	0.00046961	110.0	109.0	11990.0	0.9909091	39.83937052669942	0.0	-0.4975586	-0.4900513
901	0.00047011	110.0	110.0	12100.0	1.0	40.203010526699416	0.0	-0.3106689	-0.1554565
902	0.00047061	110.0	109.0	11990.0	0.9909091	39.83937052669942	0.0	-0.5726929	-0.479187
903	0.00047111	109.0	109.0	11881.0	1.0	39.83937052669942	0.0	-0.8681641	-0.4330444
904	0.00047161	111.0	109.0	12099.0	0.981982	39.83937052669942	0.0	-0.5596313	-0.2651367
905	0.00047211	111.0	109.0	12099.0	0.981982	39.83937052669942	0.0	-0.3258667	-0.2491455
906	0.00047261	111.0	110.0	12210.0	0.990991	40.203010526699416	0.0	-0.05255127	-0.3845215
907	0.00047311	110.0	110.0	12100.0	1.0	40.203010526699416	0.0	-0.5540161	-0.59552
908	0.00047361	110.0	109.0	11990.0	0.9909091	39.83937052669942	0.0	-0.3164673	-0.7605591
909	0.00047411	109.0	109.0	11881.0	1.0	39.83937052669942	0.0	-0.6200562	-0.2388306
910	0.00047461	109.0	109.0	11881.0	1.0	39.83937052669942	0.0	-0.5308228	-0.4078979
911	0.00047511	111.0	109.0	12099.0	0.981982	39.83937052669942	0.0	-0.3693848	-0.6187744
912	0.00047561	111.0	110.0	12210.0	0.990991	40.203010526699416	0.0	-0.4165039	-0.5082397
913	0.00047611	109.0	108.0	11772.0	0.9908257	39.47574052669942	0.0	-0.2963867	-0.9821167
914	0.00047661	110.0	110.0	12100.0	1.0	40.203010526699416	0.0	-0.512207	-0.3539429
915	0.00047711	109.0	109.0	11881.0	1.0	39.83937052669942	0.0	-0.5458374	-0.7866821
916	0.00047761	109.0	108.0	11772.0	0.9908257	39.47574052669942	0.0	-0.7322998	-0.2558594
917	0.00047811	110.0	109.0	11990.0	0.9909091	39.83937052669942	0.0	-0.4869385	-0.6429443
918	0.00047861	110.0	109.0	11990.0	0.9909091	39.83937052669942	0.0	-0.5227051	-0.1947632
919	0.00047911	111.0	109.0	12099.0	0.981982	39.83937052669942	0.0	-0.8097534	-0.6942139
920	0.00047961	109.0	108.0	11772.0	0.9908257	39.47574052669942	0.0	-0.62854	-0.6906128
921	0.00048011	111.0	109.0	12099.0	0.981982	39.83937052669942	0.0	-0.2112427	-0.4346924
922	0.00048061	108.0	108.0	11664.0	1.0	39.47574052669942	0.0	-0.5401001	-0.6570435
923	0.00048111	109.0	108.0	11772.0	0.9908257	39.47574052669942	0.0	-0.3898926	-0.8834839
924	0.00048161	110.0	109.0	11990.0	0.9909091	39.83937052669942	0.0	-0.3897705	-0.4364014
925	0.00048211	110.0	110.0	12100.0	1.0	40.203010526699416	0.0	-0.4040527	-0.5040894
926	0.00048261	111.0	109.0	12099.0	0.981982	39.83937052669942	0.0	-0.4876709	-0.5336304
927	0.00048311	111.0	110.0	12210.0	0.990991	40.203010526699416	0.0	-0.09375	-0.6581421
928	0.00048361	110.0	109.0	11990.0	0.9909091	39.83937052669942	0.0	-0.210083	-0.5454712
929	0.00048411	110.0	109.0	11990.0	0.9909091	39.83937052669942	0.0	-0.2188721	-0.2001343
930	0.00048461	110.0	109.0	11990.0	0.9909091	39.83937052669942	0.0	-0.5733643	-0.6168823
931	0.00048511	110.0	109.0	11990.0	0.9909091	39.83937052669942	0.0	-0.7349854	-0.1687622
932	0.00048561	110.0	110.0	12100.0	1.0	40.203010526699416	0.0	-0.4178467	-0.7260132
933	0.00048611	110.0	110.0	12100.0	1.0	40.203010526699416	0.0	-0.2584229	-0.2592163
934	0.00048661	110.0	110.0	12100.0	1.0	40.203010526699416	0.0	-0.5377197	-0.5546265
935	0.00048711	110.0	110.0	12100.0	1.0	40.203010526699416	0.0	-0.6896973	-0.8302612
936	0.00048761	110.0	110.0	12100.0	1.0	40.203010526699416	0.0	-0.6184082	-0.2304077
937	0.00048811	110.0	110.0	12100.0	1.0	40.203010526699416	0.0	-0.4342041	-0.7171631
938	0.00048861	111.0	110.0	12210.0	0.990991	40.203010526699416	0.0	-0.8210449	-0.4962769
939	0.00048911	111.0	110.0	12210.0	0.990991	40.203010526699416	0.0	-0.1035156	-0.413269
940	0.00048961	109.0	109.0	11881.0	1.0	39.83937052669942	0.0	-0.4592285	-0.7814941
941	0.00049011	109.0	108.0	11772.0	0.9908257	39.47574052669942	0.0	-0.4101562	-0.9413452
942	0.00049061	110.0	110.0	12100.0	1.0	40.203010526699416	0.0	-0.6025391	-0.3061523
943	0.00049111	110.0	109.0	11990.0	0.9909091	39.83937052669942	0.0	-0.7884521	-0.6806641
944	0.00049161	110.0	110.0	12100.0	1.0	40.203010526699416	0.0	-0.5743408	-0.1317139
945	0.00049211	110.0	109.0	11990.0	0.9909091	39.83937052669942	0.0	-0.3626709	-0.08581543
946	0.00049261	111.0	111.0	12321.0	1.0	40.56665052669941	0.0	-0.5185547	-0.4953003
947	0.00049311	110.0	110.0	12100.0	1.0	40.203010526699416	0.0	-0.5065918	-0.5675659
948	0.00049361	109.0	108.0	11772.0	0.9908257	39.47574052669942	0.0	-0.3748779	-0.1594849
949	0.00049411	111.0	110.0	12210.0	0.990991	40.203010526699416	0.0	-0.7003174	-0.4713745
950	0.00049461	109.0	109.0	11881.0	1.0	39.83937052669942	0.0	-0.5107422	-0.6837158
951	0.00049511	110.0	109.0	11990.0	0.9909091	39.83937052669942	0.0	-0.4812012	-0.4740601
952	0.00049561	110.0	110.0	12100.0	1.0	40.203010526699416	0.0	0.05480957	-0.6026611
953	0.00049611	110.0	110.0	12100.0	1.0	40.203010526699416	0.0	-0.2565918	-0.6384277
954	0.00049661	110.0	110.0	12100.0	1.0	40.203010526699416	0.0	-0.09729004	-0.1258545
955	0.00049711	111.0	109.0	12099.0	0.981982	39.83937052669942	0.0	-0.4798584	-0.6461182
956	0.00049761	110.0	109.0	11990.0	0.9909091	39.83937052669942	0.0	-0.4575195	-0.3873901
957	0.00049811	110.0	110.0	12100.0	1.0	40.203010526699416	0.0	-0.7003174	-0.5043335
958	0.00049861	110.0	110.0	12100.0	1.0	40.203010526699416	0.0	-0.2497559	-0.7406006
959	0.00049911	110.0	110.0	12100.0	1.0	40.203010526699416	0.0	-0.7758789	-0.8129883
960	0.00049961	110.0	110.0	12100.0	1.0	40.203010526699416	0.0	-0.4202881	-0.6477051
961	0.00050011	110.0	110.0	12100.0	1.0	40.203010526699416	0.0	-0.5933838	-0.2398682
962	0.00050061	110.0	109.0	11990.0	0.9909091	39.83937052669942	0.0	-0.5139771	-0.09484863
963	0.00050111	110.0	109.0	11990.0	0.9909091	39.83937052669942	0.0	-0.4553223	-0.710144
964	0.00050161	111.0	110.0	12210.0	0.990991	40.203010526699416	0.0	-0.578125	-0.5543213
965	0.00050211	110.0	109.0	11990.0	0.9909091	39.83937052669942	0.0	-0.1365356	-0.4433594
966	0.00050261	110.0	110.0	12100.0	1.0	40.203010526699416	0.0	-0.7999268	-0.05200195
967	0.00050311	110.0	110.0	12100.0	1.0	40.203010526699416	0.0	-0.7662964	-0.5505981
968	0.00050361	111.0	110.0	12210.0	0.990991	40.203010526699416	0.0	-0.3428345	-0.6897583
969	0.00050411	109.0	109.0	11881.0	1.0	39.83937052669942	0.0	-0.6172485	-0.6154175
970	0.00050461	110.0	109.0	11990.0	0.9909091	39.83937052669942	0.0	-0.355896	-0.2637939
971	0.00050511	109.0	109.0	11881.0	1.0	39.83937052669942	0.0	-0.4036255	-0.4522705
972	0.00050561	110.0	110.0	12100.0	1.0	40.203010526699416	0.0	-0.3459473	-0.489502
973	0.00050611	111.0	110.0	12210.0	0.990991	40.203010526699416	0.0	-0.6837158	-0.2487793
974	0.00050661	110.0	109.0	11990.0	0.9909091	39.83937052669942	0.0	-0.5469971	-0.4841309
975	0.00050711	111.0	110.0	12210.0	0.990991	40.203010526699416	0.0	-0.08325195	-0.3829956
976	0.00050761	110.0	110.0	12100.0	1.0	40.203010526699416	0.0	-0.392334	-0.6112671
977	0.00050811	110.0	110.0	12100.0	1.0	40.203010526699416	0.0	-0.7590332	-0.4447021
978	0.00050861	110.0	110.0	12100.0	1.0	40.203010526699416	0.0	-0.4553223	-0.5466919
979	0.00050911	111.0	110.0	12210.0	0.990991	40.203010526699416	0.0	-0.1046143	-0.4055176
980	0.00050961	111.0	110.0	12210.0	0.990991	40.203010526699416	0.0	-0.2677612	-0.267395
981	0.00051011	110.0	110.0	12100.0	1.0	40.203010526699416	0.0	-0.2886353	-0.7463989
982	0.00051061	111.0	109.0	12099.0	0.981982	39.83937052669942	0.0	-0.4313965	-0.3641357
983	0.00051111	111.0	109.0	12099.0	0.981982	39.83937052669942	0.0	-0.4329224	-0.512085
984	0.00051161	110.0	110.0	12100.0	1.0	40.203010526699416	0.0	-0.1176147	-0.5652466
985	0.00051211	110.0	110.0	12100.0	1.0	40.203010526699416	0.0	-0.2912598	-0.2583008
986	0.00051261	110.0	110.0	12100.0	1.0	40.203010526699416	0.0	-0.4104614	-0.5288086
987	0.00051311	110.0	109.0	11990.0	0.9909091	39.83937052669942	0.0	-0.4577026	-0.6356812
988	0.00051361	110.0	110.0	12100.0	1.0	40.203010526699416	0.0	-0.677124	-0.8659668
989	0.00051411	110.0	109.0	11990.0	0.9909091	39.83937052669942	0.0	-0.2146606	-0.8505859
990	0.00051461	110.0	110.0	12100.0	1.0	40.203010526699416	0.0	-0.2510376	-0.8215942
991	0.00051511	110.0	110.0	12100.0	1.0	40.203010526699416	0.0	-0.5422363	-0.4226685
992	0.00051561	110.0	110.0	12100.0	1.0	40.203010526699416	0.0	-0.4828491	-0.7713013
993	0.00051611	110.0	110.0	12100.0	1.0	40.203010526699416	0.0	-0.6124268	-0.6331787
994	0.00051661	111.0	109.0	12099.0	0.981982	39.83937052669942	0.0	-0.2402954	-0.6402588
995	0.00051711	110.0	109.0	11990.0	0.9909091	39.83937052669942	0.0	-0.5559082	-0.6333008
996	0.00051761	110.0	109.0	11990.0	0.9909091	39.83937052669942	0.0	-0.3178711	-0.9081421
997	0.00051811	110.0	109.0	11990.0	0.9909091	39.83937052669942	0.0	-0.4003296	-0.7683716
998	0.00051861	110.0	109.0	11990.0	0.9909091	39.83937052669942	0.0	-0.180603	-0.991272
999	0.00051911	110.0	110.0	12100.0	1.0	40.203010526699416	0.0	-0.3077393	-0.2178955
1000	0.00051961	110.0	110.0	12100.0	1.0	40.203010526699416	0.0	-0.3308716	-0.2736206
1001	0.00052011	110.0	109.0	11990.0	0.9909091	39.83937052669942	0.0	-0.7911987	-0.3548584
1002	0.00052061	110.0	109.0	11990.0	0.9909091	39.83937052669942	0.0	-0.7483521	-0.6967163
1003	0.00052111	110.0	109.0	11990.0	0.9909091	39.83937052669942	0.0	-0.4648437	-0.6987305
1004	0.00052161	110.0	109.0	11990.0	0.9909091	39.83937052669942	0.0	-0.5541382	-0.5159302
1005	0.00052211	110.0	110.0	12100.0	1.0	40.203010526699416	0.0	-0.4950562	-0.3632202
1006	0.00052261	109.0	109.0	11881.0	1.0	39.83937052669942	0.0	-0.6461182	-0.5568848
1007	0.00052311	110.0	109.0	11990.0	0.9909091	39.83937052669942	0.0	-0.1662598	-0.4022217
1008	0.00052361	109.0	109.0	11881.0	1.0	39.83937052669942	0.0	-0.1619263	-0.6384888
1009	0.00052411	110.0	108.0	11880.0	0.9818182	39.47574052669942	0.0	-0.4053345	-0.7105103
1010	0.00052461	109.0	108.0	11772.0	0.9908257	39.47574052669942	0.0	-0.5593872	-0.2470093
1011	0.00052511	110.0	109.0	11990.0	0.9909091	39.83937052669942	0.0	-0.4044189	-0.5582886
1012	0.00052561	108.0	107.0	11556.0	0.9907407	39.112100526699415	0.0	-0.175354	-0.1674194
1013	0.00052611	108.0	108.0	11664.0	1.0	39.47574052669942	0.0	-0.2922363	-0.3519287
1014	0.00052661	110.0	109.0	11990.0	0.9909091	39.83937052669942	0.0	-0.8078003	-0.574585
1015	0.00052711	110.0	109.0	11990.0	0.9909091	39.83937052669942	0.0	-0.2830811	-0.4916992
1016	0.00052761	109.0	108.0	11772.0	0.9908257	39.47574052669942	0.0	-0.5528564	-0.632019
1017	0.00052811	110.0	109.0	11990.0	0.9909091	39.83937052669942	0.0	-0.3262939	-0.1734619
1018	0.00052861	110.0	109.0	11990.0	0.9909091	39.83937052669942	0.0	-0.3968506	-0.2446289
1019	0.00052911	111.0	110.0	12210.0	0.990991	40.203010526699416	0.0	-0.3660889	-0.2485962
1020	0.00052961	111.0	110.0	12210.0	0.990991	40.203010526699416	0.0	-0.2802734	-0.4057617
1021	0.00053011	110.0	109.0	11990.0	0.9909091	39.83937052669942	0.0	-0.4663086	-0.7915039
1022	0.00053061	109.0	108.0	11772.0	0.9908257	39.47574052669942	0.0	-0.6088867	-0.7815552
1023	0.00053111	110.0	108.0	11880.0	0.9818182	39.47574052669942	0.0	-0.6340332	-0.6280518
1024	0.00053161	105.0	105.0	11025.0	1.0	38.38483052669942	0.0	-0.8614502	-0.3629761
1025	0.00053211	110.0	109.0	11990.0	0.9909091	39.83937052669942	0.0	-0.4816895	-0.6688232
1026	0.00053261	110.0	109.0	11990.0	0.9909091	39.83937052669942	0.0	-0.3695068	-0.5375977
1027	0.00053311	111.0	110.0	12210.0	0.990991	40.203010526699416	0.0	-0.5881348	-0.4126587
1028	0.00053361	110.0	110.0	12100.0	1.0	40.203010526699416	0.0	-0.2186279	-0.4188843
1029	0.00053411	109.0	108.0	11772.0	0.9908257	39.47574052669942	0.0	-0.6733398	-0.9398193
1030	0.00053461	109.0	108.0	11772.0	0.9908257	39.47574052669942	0.0	-0.2640381	-0.3865356
1031	0.00053511	110.0	110.0	12100.0	1.0	40.203010526699416	0.0	-0.5059814	-0.3747559
1032	0.00053561	109.0	109.0	11881.0	1.0	39.83937052669942	0.0	-0.5334473	-0.7503052
1033	0.00053611	109.0	108.0	11772.0	0.9908257	39.47574052669942	0.0	-0.7628174	-0.2091675
1034	0.00053661	110.0	109.0	11990.0	0.9909091	39.83937052669942	0.0	-0.5584717	-0.3378296
1035	0.00053711	110.0	110.0	12100.0	1.0	40.203010526699416	0.0	-0.8040771	-0.1981812
1036	0.00053761	108.0	107.0	11556.0	0.9907407	39.112100526699415	0.0	-0.5444336	-0.6116943
1037	0.00053811	109.0	109.0	11881.0	1.0	39.83937052669942	0.0	0.01599121	-0.5460205
1038	0.00053861	111.0	109.0	12099.0	0.981982	39.83937052669942	0.0	-0.362793	-0.6271973
1039	0.00053911	111.0	110.0	12210.0	0.990991	40.203010526699416	0.0	-0.08862305	-0.31427
1040	0.00053961	111.0	110.0	12210.0	0.990991	40.203010526699416	0.0	-0.4735107	-0.4685059
1041	0.00054011	110.0	109.0	11990.0	0.9909091	39.83937052669942	0.0	-0.4532471	-0.3336182
1042	0.00054061	110.0	110.0	12100.0	1.0	40.203010526699416	0.0	-0.08898926	-0.3022461
1043	0.00054111	110.0	110.0	12100.0	1.0	40.203010526699416	0.0	-0.661499	-0.3363647
1044	0.00054161	110.0	109.0	11990.0	0.9909091	39.83937052669942	0.0	-0.5013428	-0.3478394
1045	0.00054211	110.0	110.0	12100.0	1.0	40.203010526699416	0.0	-0.6838379	-0.453125
1046	0.00054261	110.0	110.0	12100.0	1.0	40.203010526699416	0.0	-0.2110596	-0.8961182
1047	0.00054311	109.0	108.0	11772.0	0.9908257	39.47574052669942	0.0	-0.1160889	-0.8197021
1048	0.00054361	110.0	109.0	11990.0	0.9909091	39.83937052669942	0.0	-0.6744385	-0.7227173
1049	0.00054411	110.0	110.0	12100.0	1.0	40.203010526699416	0.0	-0.9050293	-0.8613892
1050	0.00054461	110.0	110.0	12100.0	1.0	40.203010526699416	0.0	-0.5787354	-0.5823975
1051	0.00054511	110.0	109.0	11990.0	0.9909091	39.83937052669942	0.0	-0.46521	-0.7102051
1052	0.00054561	110.0	111.0	12210.0	1.009091	40.56665052669941	0.0	-0.479248	-0.5791626
1053	0.00054611	111.0	109.0	12099.0	0.981982	39.83937052669942	0.0	-0.3394775	-0.3696289
1054	0.00054661	111.0	110.0	12210.0	0.990991	40.203010526699416	0.0	-0.6040039	-0.5500488
1055	0.00054711	110.0	110.0	12100.0	1.0	40.203010526699416	0.0	-0.7631836	-0.7333374
1056	0.00054761	111.0	110.0	12210.0	0.990991	40.203010526699416	0.0	-0.3626709	-0.5074463
1057	0.00054811	110.0	110.0	12100.0	1.0	40.203010526699416	0.0	-0.2327881	-0.5592041
1058	0.00054861	110.0	109.0	11990.0	0.9909091	39.83937052669942	0.0	-0.4782715	-0.3601685
1059	0.00054911	111.0	110.0	12210.0	0.990991	40.203010526699416	0.0	-0.659668	-0.5140381
1060	0.00054961	110.0	110.0	12100.0	1.0	40.203010526699416	0.0	-0.3666992	-0.3521118
1061	0.00055011	110.0	109.0	11990.0	0.9909091	39.83937052669942	0.0	-0.6085205	-0.4577637
1062	0.00055061	110.0	110.0	12100.0	1.0	40.203010526699416	0.0	-0.1898193	-0.5408936
1063	0.00055111	109.0	108.0	11772.0	0.9908257	39.47574052669942	0.0	-0.2562256	-0.5080566
1064	0.00055161	111.0	110.0	12210.0	0.990991	40.203010526699416	0.0	-0.203064	-0.6661377
1065	0.00055211	110.0	110.0	12100.0	1.0	40.203010526699416	0.0	-0.6620483	-0.3292847
1066	0.00055261	110.0	110.0	12100.0	1.0	40.203010526699416	0.0	-0.8405151	-0.3740234
1067	0.00055311	110.0	110.0	12100.0	1.0	40.203010526699416	0.0	-0.8398437	-0.5982666
1068	0.00055361	111.0	110.0	12210.0	0.990991	40.203010526699416	0.0	-0.5831299	-0.2838745
1069	0.00055411	110.0	110.0	12100.0	1.0	40.203010526699416	0.0	-0.2930908	-0.5241699
1070	0.00055461	110.0	110.0	12100.0	1.0	40.203010526699416	0.0	-0.1563721	-0.4169312
1071	0.00055511	110.0	109.0	11990.0	0.9909091	39.83937052669942	0.0	-0.6182251	-0.8858032
1072	0.00055561	110.0	109.0	11990.0	0.9909091	39.83937052669942	0.0	-0.2855835	-0.2382202
1073	0.00055611	110.0	110.0	12100.0	1.0	40.203010526699416	0.0	-0.2709961	-0.4735107
1074	0.00055661	110.0	109.0	11990.0	0.9909091	39.83937052669942	0.0	-0.4581299	-0.3782959
1075	0.00055711	110.0	110.0	12100.0	1.0	40.203010526699416	0.0	-0.7158813	-0.09423828
1076	0.00055761	111.0	110.0	12210.0	0.990991	40.203010526699416	0.0	-0.241394	-0.4848633
1077	0.00055811	110.0	109.0	11990.0	0.9909091	39.83937052669942	0.0	-0.6744385	-0.3643188
1078	0.00055861	110.0	110.0	12100.0	1.0	40.203010526699416	0.0	-0.4716797	-0.3532104
1079	0.00055911	110.0	110.0	12100.0	1.0	40.203010526699416	0.0	-0.2255859	-0.2511597
1080	0.00055961	111.0	110.0	12210.0	0.990991	40.203010526699416	0.0	-0.2895508	-0.3309326
1081	0.00056011	110.0	110.0	12100.0	1.0	40.203010526699416	0.0	-0.7120361	-0.4061279
1082	0.00056061	110.0	110.0	12100.0	1.0	40.203010526699416	0.0	-0.08605957	-0.4360962
1083	0.00056111	110.0	110.0	12100.0	1.0	40.203010526699416	0.0	-0.02044678	-0.3040161
1084	0.00056161	110.0	110.0	12100.0	1.0	40.203010526699416	0.0	-0.4782104	-0.5192871
1085	0.00056211	110.0	110.0	12100.0	1.0	40.203010526699416	0.0	-0.4811401	-0.7194214
1086	0.00056261	110.0	110.0	12100.0	1.0	40.203010526699416	0.0	-0.2896729	-0.6256714
1087	0.00056311	110.0	110.0	12100.0	1.0	40.203010526699416	0.0	-0.7666016	-0.4109497
1088	0.00056361	110.0	110.0	12100.0	1.0	40.203010526699416	0.0	-0.7866211	-0.3069458
1089	0.00056411	110.0	110.0	12100.0	1.0	40.203010526699416	0.0	-0.6165771	-0.289856
1090	0.00056461	110.0	110.0	12100.0	1.0	40.203010526699416	0.0	-0.5373535	-0.6891479
1091	0.00056511	110.0	110.0	12100.0	1.0	40.203010526699416	0.0	-0.4071045	-0.2005005
1092	0.00056561	110.0	110.0	12100.0	1.0	40.203010526699416	0.0	-0.6130981	-0.6080322
1093	0.00056611	111.0	110.0	12210.0	0.990991	40.203010526699416	0.0	-0.6727905	-0.5237427
1094	0.00056661	110.0	110.0	12100.0	1.0	40.203010526699416	0.0	-0.2684326	-0.6882324
1095	0.00056711	111.0	110.0	12210.0	0.990991	40.203010526699416	0.0	-0.06341553	-0.6119385
1096	0.00056761	110.0	110.0	12100.0	1.0	40.203010526699416	0.0	-0.2221069	-0.6276245
1097	0.00056811	110.0	110.0	12100.0	1.0	40.203010526699416	0.0	-0.6801758	-0.6513672
1098	0.00056861	111.0	110.0	12210.0	0.990991	40.203010526699416	0.0	-0.08001709	-0.2639771
1099	0.00056911	110.0	110.0	12100.0	1.0	40.203010526699416	0.0	-0.6765747	-0.5744629
1100	0.00056961	110.0	109.0	11990.0	0.9909091	39.83937052669942	0.0	-0.4046021	-0.7730103
1101	0.00057011	110.0	110.0	12100.0	1.0	40.203010526699416	0.0	-0.3187256	-0.8607178
1102	0.00057061	109.0	109.0	11881.0	1.0	39.83937052669942	0.0	-0.7377319	-0.3701172
1103	0.00057111	109.0	108.0	11772.0	0.9908257	39.47574052669942	0.0	-0.08813477	-0.5206909
1104	0.00057161	109.0	109.0	11881.0	1.0	39.83937052669942	0.0	-0.4391479	-0.9502563
1105	0.00057211	110.0	109.0	11990.0	0.9909091	39.83937052669942	0.0	-0.4730835	-0.1812134
1106	0.00057261	109.0	109.0	11881.0	1.0	39.83937052669942	0.0	-0.7835693	-0.7827759
1107	0.00057311	104.0	104.0	10816.0	1.0	38.021190526699414	0.0	-0.8760986	-0.6032715
1108	0.00057361	109.0	109.0	11881.0	1.0	39.83937052669942	0.0	-0.2357788	-0.7843628
1109	0.00057411	110.0	110.0	12100.0	1.0	40.203010526699416	0.0	-0.3099976	-0.5287476
1110	0.00057461	111.0	110.0	12210.0	0.990991	40.203010526699416	0.0	-0.6513672	-0.4857788
1111	0.00057511	110.0	110.0	12100.0	1.0	40.203010526699416	0.0	-0.7036743	-0.7025757
1112	0.00057561	110.0	110.0	12100.0	1.0	40.203010526699416	0.0	-0.3757935	-0.5914307
1113	0.00057611	110.0	110.0	12100.0	1.0	40.203010526699416	0.0	-0.6847534	-0.7969971
1114	0.00057661	111.0	109.0	12099.0	0.981982	39.83937052669942	0.0	-0.4799194	-0.6311646
1115	0.00057711	110.0	110.0	12100.0	1.0	40.203010526699416	0.0	-0.3812866	-0.4940796
1116	0.00057761	110.0	110.0	12100.0	1.0	40.203010526699416	0.0	-0.4927368	-0.3533936
1117	0.00057811	111.0	109.0	12099.0	0.981982	39.83937052669942	0.0	-0.4998169	-0.6218262
1118	0.00057861	110.0	110.0	12100.0	1.0	40.203010526699416	0.0	-0.7700195	-0.8493652
1119	0.00057911	111.0	110.0	12210.0	0.990991	40.203010526699416	0.0	-0.3198242	-0.6533813
1120	0.00057961	110.0	109.0	11990.0	0.9909091	39.83937052669942	0.0	-0.1237183	-0.03930664
1121	0.00058011	110.0	109.0	11990.0	0.9909091	39.83937052669942	0.0	-0.3410034	-0.2886963
1122	0.00058061	110.0	110.0	12100.0	1.0	40.203010526699416	0.0	-0.7150269	-0.6828613
1123	0.00058111	110.0	109.0	11990.0	0.9909091	39.83937052669942	0.0	-0.4880371	-0.8070068
1124	0.00058161	110.0	110.0	12100.0	1.0	40.203010526699416	0.0	-0.6551514	-0.6593628
1125	0.00058211	110.0	109.0	11990.0	0.9909091	39.83937052669942	0.0	-0.3754272	-0.2576904
1126	0.00058261	110.0	110.0	12100.0	1.0	40.203010526699416	0.0	-0.4718628	-0.7984619
1127	0.00058311	111.0	110.0	12210.0	0.990991	40.203010526699416	0.0	-0.7640381	-0.449585
1128	0.00058361	110.0	109.0	11990.0	0.9909091	39.83937052669942	0.0	-0.5930176	-0.9365845
1129	0.00058411	110.0	110.0	12100.0	1.0	40.203010526699416	0.0	-0.5383301	-0.4264526
1130	0.00058461	110.0	110.0	12100.0	1.0	40.203010526699416	0.0	-0.4853516	-0.3707275
1131	0.00058511	110.0	109.0	11990.0	0.9909091	39.83937052669942	0.0	-0.3705444	-0.8066406
1132	0.00058561	110.0	109.0	11990.0	0.9909091	39.83937052669942	0.0	-0.1207275	-0.6711426
1133	0.00058611	110.0	110.0	12100.0	1.0	40.203010526699416	0.0	-0.4775391	-0.7642822
1134	0.00058661	110.0	109.0	11990.0	0.9909091	39.83937052669942	0.0	-0.4190674	-0.6224365
1135	0.00058711	110.0	111.0	12210.0	1.009091	40.56665052669941	0.0	-0.4509277	-0.5049438
1136	0.00058761	111.0	109.0	12099.0	0.981982	39.83937052669942	0.0	-0.5018311	-0.4093018
1137	0.00058811	110.0	109.0	11990.0	0.9909091	39.83937052669942	0.0	-0.5302734	-0.3114624
1138	0.00058861	109.0	108.0	11772.0	0.9908257	39.47574052669942	0.0	-0.451416	-0.4573975
1139	0.00058911	110.0	109.0	11990.0	0.9909091	39.83937052669942	0.0	-0.3916626	-0.6195068
1140	0.00058961	110.0	109.0	11990.0	0.9909091	39.83937052669942	0.0	-0.5142822	-0.9558716
1141	0.00059011	110.0	108.0	11880.0	0.9818182	39.47574052669942	0.0	-0.5483398	-0.4837646
1142	0.00059061	110.0	108.0	11880.0	0.9818182	39.47574052669942	0.0	-0.5037842	-0.5251465
1143	0.00059111	109.0	108.0	11772.0	0.9908257	39.47574052669942	0.0	-0.642334	-0.6495361
1144	0.00059161	110.0	108.0	11880.0	0.9818182	39.47574052669942	0.0	-0.2380371	-0.4574585
1145	0.00059211	109.0	109.0	11881.0	1.0	39.83937052669942	0.0	-0.5499268	-0.6288452
1146	0.00059261	110.0	109.0	11990.0	0.9909091	39.83937052669942	0.0	-0.3481445	-0.8275757
1147	0.00059311	109.0	108.0	11772.0	0.9908257	39.47574052669942	0.0	-0.5588379	-0.3070679
1148	0.00059361	110.0	109.0	11990.0	0.9909091	39.83937052669942	0.0	-0.46521	-0.6589966
1149	0.00059411	110.0	110.0	12100.0	1.0	40.203010526699416	0.0	-0.6112061	-0.6398926
1150	0.00059461	110.0	108.0	11880.0	0.9818182	39.47574052669942	0.0	-0.3269043	-0.6465454
1151	0.00059511	109.0	108.0	11772.0	0.9908257	39.47574052669942	0.0	-0.4713135	-0.3244019
1152	0.00059561	109.0	109.0	11881.0	1.0	39.83937052669942	0.0	-0.4508057	-0.7483521
1153	0.00059611	109.0	108.0	11772.0	0.9908257	39.47574052669942	0.0	-0.3886719	-0.8511963
1154	0.00059661	110.0	110.0	12100.0	1.0	40.203010526699416	0.0	-0.1514893	-0.1699219
1155	0.00059711	110.0	110.0	12100.0	1.0	40.203010526699416	0.0	-0.4731445	-0.819397
1156	0.00059761	110.0	110.0	12100.0	1.0	40.203010526699416	0.0	-0.4025879	-0.7374878
1157	0.00059811	110.0	109.0	11990.0	0.9909091	39.83937052669942	0.0	-0.5246582	-0.7331543
1158	0.00059861	110.0	109.0	11990.0	0.9909091	39.83937052669942	0.0	-0.2685547	-0.4614258
1159	0.00059911	111.0	110.0	12210.0	0.990991	40.203010526699416	0.0	-0.1021729	-0.7857666
1160	0.00059961	111.0	110.0	12210.0	0.990991	40.203010526699416	0.0	-0.3236084	-0.3867798
1161	0.00060011	110.0	109.0	11990.0	0.9909091	39.83937052669942	0.0	-0.08532715	-0.2887573
1162	0.00060061	110.0	109.0	11990.0	0.9909091	39.83937052669942	0.0	-0.8638916	-0.18573
1163	0.00060111	110.0	109.0	11990.0	0.9909091	39.83937052669942	0.0	-0.1064453	-0.5761108
1164	0.00060161	110.0	110.0	12100.0	1.0	40.203010526699416	0.0	-0.3751221	-0.9225464
1165	0.00060211	110.0	109.0	11990.0	0.9909091	39.83937052669942	0.0	-0.7927246	-0.6057129
1166	0.00060261	110.0	109.0	11990.0	0.9909091	39.83937052669942	0.0	-0.4400635	-0.5682373
1167	0.00060311	110.0	109.0	11990.0	0.9909091	39.83937052669942	0.0	-0.1567383	-0.2711182
1168	0.00060361	110.0	109.0	11990.0	0.9909091	39.83937052669942	0.0	-0.6606445	-0.1952515
1169	0.00060411	110.0	109.0	11990.0	0.9909091	39.83937052669942	0.0	-0.4549561	-0.2484741
1170	0.00060461	110.0	109.0	11990.0	0.9909091	39.83937052669942	0.0	-0.7369385	-0.6378784
1171	0.00060511	109.0	109.0	11881.0	1.0	39.83937052669942	0.0	-0.6643066	-0.3793945
1172	0.00060561	110.0	109.0	11990.0	0.9909091	39.83937052669942	0.0	-0.3171387	-0.7314453
1173	0.00060611	109.0	109.0	11881.0	1.0	39.83937052669942	0.0	-0.07897949	-0.52948
1174	0.00060661	111.0	110.0	12210.0	0.990991	40.203010526699416	0.0	-0.329834	-0.6112061
1175	0.00060711	109.0	108.0	11772.0	0.9908257	39.47574052669942	0.0	-0.4349365	-0.9287109
1176	0.00060761	110.0	109.0	11990.0	0.9909091	39.83937052669942	0.0	-0.015625	-0.8280029
1177	0.00060811	109.0	109.0	11881.0	1.0	39.83937052669942	0.0	-0.2094727	-0.2822876
1178	0.00060861	109.0	109.0	11881.0	1.0	39.83937052669942	0.0	-0.6882324	-1.022522
1179	0.00060911	109.0	109.0	11881.0	1.0	39.83937052669942	0.0	-0.6706543	-0.3287964
1180	0.00060961	111.0	110.0	12210.0	0.990991	40.203010526699416	0.0	-0.7813721	-0.6333008
1181	0.00061011	110.0	109.0	11990.0	0.9909091	39.83937052669942	0.0	-0.605957	-0.6798096
1182	0.00061061	110.0	110.0	12100.0	1.0	40.203010526699416	0.0	-0.1148682	-0.6489258
1183	0.00061111	110.0	111.0	12210.0	1.009091	40.56665052669941	0.0	-0.4584961	-0.6751709
1184	0.00061161	110.0	111.0	12210.0	1.009091	40.56665052669941	0.0	-0.5249023	-0.6950684
1185	0.00061211	110.0	110.0	12100.0	1.0	40.203010526699416	0.0	-0.4903564	-0.5712891
1186	0.00061261	110.0	110.0	12100.0	1.0	40.203010526699416	0.0	-0.3222656	-0.2313232
1187	0.00061311	110.0	110.0	12100.0	1.0	40.203010526699416	0.0	-0.2596436	-0.7337646
1188	0.00061361	110.0	109.0	11990.0	0.9909091	39.83937052669942	0.0	-0.5588379	-0.8738403
1189	0.00061411	110.0	110.0	12100.0	1.0	40.203010526699416	0.0	-0.133667	-0.5200195
1190	0.00061461	110.0	109.0	11990.0	0.9909091	39.83937052669942	0.0	-0.6486816	-0.767395
1191	0.00061511	111.0	111.0	12321.0	1.0	40.56665052669941	0.0	-0.6715088	-0.536438
1192	0.00061561	111.0	111.0	12321.0	1.0	40.56665052669941	0.0	-0.5079346	-0.5100098
1193	0.00061611	111.0	110.0	12210.0	0.990991	40.203010526699416	0.0	-0.3018799	-0.6181641
1194	0.00061661	110.0	111.0	12210.0	1.009091	40.56665052669941	0.0	-0.4267578	-0.6609497
1195	0.00061711	110.0	109.0	11990.0	0.9909091	39.83937052669942	0.0	-0.2358398	-0.0647583
1196	0.00061761	110.0	110.0	12100.0	1.0	40.203010526699416	0.0	-0.3574219	-0.1879272
1197	0.00061811	111.0	110.0	12210.0	0.990991	40.203010526699416	0.0	-0.447998	-0.4754639
1198	0.00061861	111.0	110.0	12210.0	0.990991	40.203010526699416	0.0	-0.5635986	-0.8289795
1199	0.00061911	111.0	110.0	12210.0	0.990991	40.203010526699416	0.0	-0.4244385	-0.4581909
1200	0.00061961	111.0	110.0	12210.0	0.990991	40.203010526699416	0.0	-0.7752686	-0.4799194
1201	0.00062011	110.0	110.0	12100.0	1.0	40.203010526699416	0.0	-0.2669678	-0.4220581
1202	0.00062061	111.0	109.0	12099.0	0.981982	39.83937052669942	0.0	-0.4676514	-0.324707
1203	0.00062111	110.0	110.0	12100.0	1.0	40.203010526699416	0.0	-0.7927246	-0.647522
1204	0.00062161	111.0	110.0	12210.0	0.990991	40.203010526699416	0.0	-0.3104248	-0.3520508
1205	0.00062211	110.0	109.0	11990.0	0.9909091	39.83937052669942	0.0	-0.4417725	-0.4793701
1206	0.00062261	110.0	110.0	12100.0	1.0	40.203010526699416	0.0	-0.6831055	-0.746521
1207	0.00062311	110.0	110.0	12100.0	1.0	40.203010526699416	0.0	-0.3492432	-0.3769531
1208	0.00062361	110.0	109.0	11990.0	0.9909091	39.83937052669942	0.0	-0.4525146	-0.5923462
1209	0.00062411	111.0	110.0	12210.0	0.990991	40.203010526699416	0.0	-0.4082031	-0.4874878
1210	0.00062461	111.0	110.0	12210.0	0.990991	40.203010526699416	0.0	-0.8312988	-0.3429565
1211	0.00062511	110.0	109.0	11990.0	0.9909091	39.83937052669942	0.0	-0.2518311	-0.5844116
1212	0.00062561	111.0	110.0	12210.0	0.990991	40.203010526699416	0.0	-0.7969971	-0.6196289
1213	0.00062611	110.0	109.0	11990.0	0.9909091	39.83937052669942	0.0	-0.5343018	-0.3864746
1214	0.00062661	110.0	110.0	12100.0	1.0	40.203010526699416	0.0	-0.2885742	-0.53479
1215	0.00062711	110.0	109.0	11990.0	0.9909091	39.83937052669942	0.0	-0.7285156	-0.7512817
1216	0.00062761	110.0	110.0	12100.0	1.0	40.203010526699416	0.0	-0.2976074	-0.6881104
1217	0.00062811	110.0	109.0	11990.0	0.9909091	39.83937052669942	0.0	-0.743042	-0.7738647
1218	0.00062861	110.0	110.0	12100.0	1.0	40.203010526699416	0.0	-0.3615723	-0.6311646
1219	0.00062911	110.0	110.0	12100.0	1.0	40.203010526699416	0.0	-0.5517578	-0.239563
1220	0.00062961	110.0	109.0	11990.0	0.9909091	39.83937052669942	0.0	-0.5373535	-0.5999146
1221	0.00063011	110.0	109.0	11990.0	0.9909091	39.83937052669942	0.0	-0.4063721	-0.5527954
1222	0.00063061	110.0	109.0	11990.0	0.9909091	39.83937052669942	0.0	-0.3900146	-0.8908691
1223	0.00063111	111.0	109.0	12099.0	0.981982	39.83937052669942	0.0	-0.6729736	-0.5084229
1224	0.00063161	110.0	109.0	11990.0	0.9909091	39.83937052669942	0.0	-0.2752686	-0.7711792
1225	0.00063211	110.0	110.0	12100.0	1.0	40.203010526699416	0.0	-0.2197266	-0.3862915
1226	0.00063261	110.0	109.0	11990.0	0.9909091	39.83937052669942	0.0	-0.5147705	-0.9672852
1227	0.00063311	110.0	109.0	11990.0	0.9909091	39.83937052669942	0.0	-0.3674316	-0.8217773
1228	0.00063361	111.0	110.0	12210.0	0.990991	40.203010526699416	0.0	-0.6063232	-0.3548584
1229	0.00063411	111.0	110.0	12210.0	0.990991	40.203010526699416	0.0	-0.1444092	-0.7475586
1230	0.00063461	109.0	109.0	11881.0	1.0	39.83937052669942	0.0	0.04016113	-0.9191284
1231	0.00063511	108.0	109.0	11772.0	1.009259	39.83937052669942	0.0	-0.3685303	-0.4783936
1232	0.00063561	111.0	110.0	12210.0	0.990991	40.203010526699416	0.0	-0.3574219	-0.3685303
1233	0.00063611	111.0	110.0	12210.0	0.990991	40.203010526699416	0.0	-0.3936768	-0.4049683
1234	0.00063661	111.0	110.0	12210.0	0.990991	40.203010526699416	0.0	-0.3742676	-0.5235596
1235	0.00063711	111.0	110.0	12210.0	0.990991	40.203010526699416	0.0	-0.2905273	-0.484314
1236	0.00063761	111.0	110.0	12210.0	0.990991	40.203010526699416	0.0	0.008422852	-0.7610474
1237	0.00063811	110.0	110.0	12100.0	1.0	40.203010526699416	0.0	-0.05236816	-0.4287109
1238	0.00063861	110.0	109.0	11990.0	0.9909091	39.83937052669942	0.0	-0.4112549	-0.6561279
1239	0.00063911	111.0	109.0	12099.0	0.981982	39.83937052669942	0.0	-0.4715576	-0.5617676
1240	0.00063961	110.0	110.0	12100.0	1.0	40.203010526699416	0.0	-0.5389404	-0.5176392
1241	0.00064011	109.0	108.0	11772.0	0.9908257	39.47574052669942	0.0	-0.1160889	-0.5544434
1242	0.00064061	110.0	110.0	12100.0	1.0	40.203010526699416	0.0	-0.3956299	-0.842041
1243	0.00064111	109.0	108.0	11772.0	0.9908257	39.47574052669942	0.0	-0.3205566	-0.8887939
1244	0.00064161	108.0	108.0	11664.0	1.0	39.47574052669942	0.0	-0.1467285	-0.6657104
1245	0.00064211	110.0	109.0	11990.0	0.9909091	39.83937052669942	0.0	-0.4544678	-0.84198
1246	0.00064261	110.0	109.0	11990.0	0.9909091	39.83937052669942	0.0	-0.3338623	-0.7631226
1247	0.00064311	110.0	109.0	11990.0	0.9909091	39.83937052669942	0.0	-0.5119629	-0.7654419
1248	0.00064361	111.0	110.0	12210.0	0.990991	40.203010526699416	0.0	-0.2755127	-0.6187744
1249	0.00064411	111.0	110.0	12210.0	0.990991	40.203010526699416	0.0	-0.5321045	-0.3498535
1250	0.00064461	110.0	109.0	11990.0	0.9909091	39.83937052669942	0.0	-0.7180176	-0.6152344
1251	0.00064511	109.0	109.0	11881.0	1.0	39.83937052669942	0.0	-0.3433838	-0.6135864
1252	0.00064561	110.0	110.0	12100.0	1.0	40.203010526699416	0.0	-0.2294922	-0.3213501
1253	0.00064611	111.0	111.0	12321.0	1.0	40.56665052669941	0.0	-0.5286865	-0.5949097
1254	0.00064661	110.0	110.0	12100.0	1.0	40.203010526699416	0.0	-0.526123	-0.8150024
1255	0.00064711	110.0	110.0	12100.0	1.0	40.203010526699416	0.0	-0.0222168	-0.7925415
1256	0.00064761	111.0	110.0	12210.0	0.990991	40.203010526699416	0.0	-0.7382812	-0.4691162
1257	0.00064811	111.0	111.0	12321.0	1.0	40.56665052669941	0.0	-0.4708252	-0.8861694
1258	0.00064861	111.0	109.0	12099.0	0.981982	39.83937052669942	0.0	-0.4727783	-0.5540161
1259	0.00064911	110.0	109.0	11990.0	0.9909091	39.83937052669942	0.0	-0.6246338	-0.2793579
1260	0.00064961	110.0	110.0	12100.0	1.0	40.203010526699416	0.0	-0.7867432	-0.4089966
1261	0.00065011	110.0	110.0	12100.0	1.0	40.203010526699416	0.0	-0.803833	-0.5168457
1262	0.00065061	110.0	109.0	11990.0	0.9909091	39.83937052669942	0.0	-0.4616699	-0.5513916
1263	0.00065111	110.0	110.0	12100.0	1.0	40.203010526699416	0.0	-0.3365479	-0.8012085
1264	0.00065161	110.0	110.0	12100.0	1.0	40.203010526699416	0.0	-0.06176758	-0.4240112
1265	0.00065211	110.0	110.0	12100.0	1.0	40.203010526699416	0.0	-0.2022705	-0.6420898
1266	0.00065261	110.0	109.0	11990.0	0.9909091	39.83937052669942	0.0	-0.6833496	-0.4877319
1267	0.00065311	110.0	109.0	11990.0	0.9909091	39.83937052669942	0.0	-0.7086182	-0.416626
1268	0.00065361	110.0	110.0	12100.0	1.0	40.203010526699416	0.0	-0.7435303	-0.6303711
1269	0.00065411	111.0	111.0	12321.0	1.0	40.56665052669941	0.0	-0.6184082	-0.4517212
